2: tensor([[ 9.4552e-03,  7.0169e-02, -7.6440e-02,  1.1958e-01,  1.0581e-02,
         -5.7306e-02, -1.2303e-02,  5.3531e-02,  2.2332e-03,  6.3311e-02,
         -7.6122e-02,  3.4472e-02,  5.0628e-02,  7.5797e-02,  4.3558e-02,
         -2.2152e-02,  3.7765e-02, -7.4384e-02,  1.3645e-02,  2.4274e-02,
         -2.5854e-03, -2.3333e-02,  6.7165e-02, -4.4580e-03, -7.8557e-02,
         -1.0845e-01,  3.1569e-02, -1.0440e-02,  3.8587e-02, -7.0175e-03,
          6.2046e-02,  1.4741e-02,  2.0935e-02,  1.1268e-02, -4.3936e-02,
          3.9618e-02,  8.6497e-02,  8.0037e-03,  3.3102e-02, -1.2428e-01,
          1.4877e-02, -1.0499e-03,  1.3231e-02,  3.1256e-02, -6.2449e-02,
          3.8815e-02,  9.8180e-03, -4.0071e-02, -4.3944e-02, -3.8576e-02,
          4.0771e-03,  7.5722e-03, -2.7733e-02, -4.3189e-02, -3.9460e-02,
         -8.3569e-03, -1.4998e-02,  1.6468e-01,  9.3183e-03, -2.2606e-02,
          3.6235e-02, -2.3952e-02,  3.8987e-02, -1.5523e-02, -3.1157e-03,
          2.8480e-02, -3.1182e-02,  3.2976e-02,  9.5081e-02, -9.0463e-02,
         -8.4502e-04,  5.7313e-02,  2.8263e-02,  2.2684e-02, -5.5978e-02,
         -1.4143e-02, -5.9154e-02, -5.2663e-02, -3.8478e-02, -9.7743e-02,
         -8.8425e-03,  3.0431e-02,  2.5344e-02, -1.5535e-02,  1.7630e-02,
          5.4150e-02,  6.7756e-02,  1.0105e-01, -1.7879e-03,  3.0656e-02,
          3.1584e-01, -3.1210e-02,  2.4289e-02,  1.2151e-02, -1.0981e-01,
          1.9427e-02, -7.1859e-02,  1.5781e-02,  3.8619e-02,  9.8422e-03,
         -9.0517e-03, -5.7516e-05, -1.5581e-01,  5.0371e-02,  7.3678e-02,
          3.8217e-02,  1.8329e-02,  1.7781e-02, -4.3605e-02, -9.0338e-02,
          2.8683e-02, -4.0646e-02,  3.1663e-02,  1.9730e-02,  2.7305e-02,
          1.1051e-01,  2.5199e-02, -4.3670e-02, -7.5544e-02, -9.7698e-04,
          7.8140e-03, -1.0890e-02, -1.1508e-01,  5.5557e-02,  3.2048e-02,
         -5.1368e-02, -5.6976e-02,  5.5757e-02, -3.3797e-02,  2.5801e-02,
          1.8584e-02, -3.1356e-02,  5.5647e-02,  8.5017e-02, -9.9200e-03,
          1.9553e-02,  3.6857e-02, -1.1802e-02,  1.2393e-02, -1.3693e-02,
          9.0818e-02,  5.4108e-02,  1.9894e-02,  5.4040e-02,  4.5685e-03,
          4.4287e-02,  5.7487e-02,  5.9631e-03,  2.3458e-02,  5.2460e-02,
         -5.6617e-02,  2.2292e-02,  2.0744e-02, -1.8964e-02, -1.1708e-02,
         -6.0823e-02, -4.5975e-02,  2.6121e-01,  1.2074e-01, -1.0933e-02,
         -2.5802e-02,  1.1727e-01, -4.7753e-02,  1.2294e-01,  9.2419e-03,
          1.0766e-02, -1.2706e-02,  1.3845e-02,  5.1364e-04, -4.6157e-02,
         -3.9828e-03,  3.6882e-02, -7.6073e-02, -1.6499e-02, -3.5847e-02,
          3.7708e-02,  1.6123e-01,  2.2940e-02,  1.2393e-01,  3.2811e-02,
          4.6050e-03,  5.3405e-02,  1.2649e-02,  9.1608e-04, -1.2773e-02,
          2.9589e-02,  3.7656e-02,  4.7663e-02,  5.2156e-02,  3.7629e-02,
          8.9203e-02, -1.8743e-02, -1.7302e-02,  1.0538e-01, -1.7736e-02,
          1.1592e-02, -2.1358e-02,  3.1609e-02, -4.7466e-02,  1.3397e-02,
         -1.2759e-02,  1.7579e-02,  5.4297e-02, -2.5024e-02, -2.2004e-02,
         -2.3886e-02, -3.2121e-03,  2.6487e-02,  1.6464e-02,  7.9110e-03,
          3.6141e-02, -3.2884e-02,  3.9314e-02, -4.4652e-02,  4.0481e-04,
         -8.6283e-03,  7.4247e-03, -5.9515e-03, -1.0108e-02,  5.4397e-02,
         -6.6878e-02, -5.6305e-02, -4.0476e-02, -1.1983e-02, -3.3904e-03,
         -3.3302e-02,  5.9252e-03,  4.7353e-02, -6.2185e-02, -9.7823e-03,
          6.0971e-03,  1.1163e-02, -4.9608e-02, -1.9674e-02, -7.0103e-02,
          6.9307e-02,  1.0738e-02, -4.8660e-02,  8.1659e-03,  5.0825e-02,
         -3.8142e-02,  1.0923e-01,  6.4675e-02,  6.5828e-02,  2.6711e-02,
          2.3369e-02,  6.0749e-04, -9.9150e-03, -6.1190e-03,  1.0509e-01,
         -1.0935e-02,  2.6178e-02, -1.1359e-02, -2.5442e-02,  3.4063e-02,
          2.9289e-02,  3.2830e-02, -2.0751e-02,  4.3011e-01,  6.3345e-02,
         -5.0935e-03, -5.7703e-02,  7.8676e-02,  8.7883e-03, -1.0114e-02,
          7.8833e-02,  3.8927e-02,  4.8589e-02,  9.1319e-02,  2.8102e-02,
          1.3934e-01,  8.8697e-03,  3.1817e-01,  9.6369e-03,  1.6136e+00,
         -3.0112e-02, -2.2481e-01, -1.2592e-02,  1.4252e-02, -1.0533e-02,
          2.6745e-02,  1.4375e-02,  1.0699e-02,  5.9552e-02, -6.6636e-03,
          1.0971e-01,  1.3458e-01,  6.7743e-02, -4.8270e-03, -7.8007e-04,
         -4.4461e-02,  7.4886e-02,  6.2189e-04,  6.3291e-05,  1.7844e-02,
          4.3297e-02,  2.2251e-02,  6.3863e-02,  4.3553e-02, -5.3690e-02,
          4.0856e-02, -4.1254e-02, -1.6604e-02,  4.5498e-02,  1.6264e-02,
          2.6321e-02, -5.2683e-02, -1.8921e-02,  3.9835e-02,  1.0003e+00,
          2.8617e-02, -4.9297e-02,  7.4879e-03,  3.5975e-02, -1.4373e-02,
          5.4587e-02, -1.4352e-02,  5.6516e-02,  9.6024e-02, -3.7843e-02,
          4.2900e-02,  2.0892e-02,  7.5443e-03,  8.2148e-02,  3.8931e-02,
          3.5369e-02, -3.4921e-02, -6.0951e-02,  4.1621e-02,  2.0188e-02,
          8.9059e-02, -7.7835e-02,  1.0846e-02,  6.2950e-03,  1.9447e-02,
         -6.7308e-03,  1.3846e-01, -1.0567e-03,  7.0415e-02, -1.4864e-02,
          1.4403e-01, -1.3795e-01,  3.5582e-02,  3.9065e-02, -9.6092e-03,
          3.2303e-03,  4.9982e-02,  8.7540e-03, -4.1835e-02, -1.6684e-02,
          1.3706e-02,  4.0044e-02, -3.2276e-02, -4.5493e-02, -9.2220e-03,
          5.3557e-02, -5.4358e-02, -4.8587e-02, -5.9359e-02,  3.8597e-02,
         -1.1384e-02,  1.9230e-02,  1.2935e-02, -2.6181e-02, -1.4606e-02,
          6.3511e-02, -2.3187e-02,  2.3158e-02, -3.8376e-02, -1.4206e-02,
         -1.1159e-02, -1.4114e-02,  5.9476e-02,  8.0640e-04,  1.0642e-01,
          5.0181e-02,  2.9394e-02, -5.8499e-03, -6.3116e-02,  4.5080e-02,
         -6.8714e-02,  5.8442e-02,  2.3185e-02, -3.9948e-02,  2.8281e-02,
         -7.2604e-02, -4.6799e-02,  3.1719e-04, -1.1196e-01,  5.5326e-02,
          1.2227e-02,  5.7239e-02,  1.2971e-02,  2.1139e-02,  3.1969e-02,
         -4.2526e-02,  2.6961e-02,  5.4663e-02,  2.6961e-02,  3.5507e-02,
          2.6663e-02,  3.4428e-02,  4.4185e-02,  2.2209e-01, -2.4663e-02,
         -2.5767e-03, -4.8448e-01,  4.7059e-02, -8.4519e-02,  3.6380e-02,
          4.6583e-02,  6.6799e-02,  6.2175e-02,  1.2773e-02, -1.8552e-02,
          4.3637e-02,  8.7982e-03, -9.0391e-03,  5.1676e-02,  2.1809e-02,
          6.8420e-03,  1.0468e-02, -3.1156e-02,  5.4634e-02,  1.1857e-02,
         -4.9970e-02,  2.1225e-02, -1.2202e-02,  5.1451e-02,  3.8259e-02,
          4.2133e-02,  7.3050e-03, -1.1287e-02, -2.2830e-04,  1.4112e-02,
          7.9855e-02,  5.9978e-02, -6.3485e-02,  1.7812e-02,  5.5023e-02,
          4.7044e-02, -3.6856e-02, -9.5735e-03,  2.8546e-02,  1.9621e-02,
         -3.4484e-02, -1.0078e-01,  2.4851e-02,  2.0447e-02, -5.7666e-02,
          6.4919e-02,  2.7642e-02,  2.8008e-02, -9.7632e-03,  6.9544e-03,
          5.0140e-02,  3.4275e-03,  3.7810e-02,  1.6961e-02, -2.2962e-01,
         -8.9959e-02, -8.0843e-02,  1.4179e-02,  2.3230e-02,  3.9193e-02,
         -2.0377e-01, -3.7594e-02,  2.6385e-02, -9.1273e-03, -4.6044e-02,
          4.3827e-03, -2.5749e-02,  1.8261e-02,  2.0881e-01, -8.2690e-03,
          1.2852e-02, -6.2012e-02,  8.3953e-02, -1.9489e-02, -7.8936e-02,
         -6.3964e-02, -2.1984e-02,  2.0706e-01,  3.5217e-02,  9.5056e-02,
          6.2559e-02, -7.0280e-02,  2.1714e-02,  7.3934e-02, -6.1325e-02,
         -5.3409e-02, -2.1631e-02,  7.2040e-02,  1.3293e-02, -2.8257e-02,
         -1.2210e-02, -2.9097e-02,  5.2368e-02,  1.6512e-02,  7.3427e-04,
          7.4535e-03,  7.1547e-02,  5.8097e-02,  8.9993e-02, -5.1943e-02,
          4.6954e-02,  2.3717e-02,  4.7077e-03,  8.6496e-03,  3.9751e-02,
         -7.1484e-02,  7.6350e-02, -3.6908e-02,  8.3378e-02,  4.0773e-02,
          8.0498e-02,  4.9761e-02, -2.5867e-02,  2.1650e-02,  7.9203e-02,
         -4.7955e-02,  2.9006e-03,  1.3280e-01,  4.0505e-02,  3.2435e-02,
          6.5035e-02,  1.5052e-02,  7.1434e-02, -5.9472e-02,  1.3698e-02,
          4.6644e-02, -2.3411e-02, -7.0183e-02,  4.4751e-02,  1.1329e-02,
          2.7003e-02, -1.9452e-01,  7.0502e-02, -1.3299e-02,  2.9372e-02,
         -3.9908e-02, -3.2388e-02,  7.6361e-03,  1.9953e-01,  5.2133e-02,
          4.6273e-02, -7.6128e-02, -5.9356e-02, -6.2062e-02,  8.7323e-02,
         -1.0949e-01, -1.1553e-02, -3.1998e-02, -7.0993e-03,  5.0803e-02,
          6.8570e-02,  3.9025e-02,  3.2915e-02,  5.0195e-02,  1.2412e-01,
          7.7947e-03,  2.5615e-02,  2.2142e-02, -4.4010e-02,  2.4119e-03,
         -3.9136e-04,  4.6146e-02,  5.8901e-02,  1.0690e-01,  2.8954e-02,
         -3.0889e-02,  2.9054e-02,  4.9119e-02,  3.9958e-02,  2.3743e-03,
         -9.4721e-02, -4.8683e-02, -1.2594e-02, -2.1639e-02, -2.1288e-02,
          7.6565e-03,  3.2837e-02,  1.3399e-02,  5.4485e-02,  1.6582e-02,
          7.7339e-02,  6.0243e-02,  1.0605e-02,  1.3296e-01, -8.4316e-02,
          3.7877e-02,  2.3961e-02,  4.9826e-02,  3.6437e-02,  1.7943e-02,
         -1.6113e-02,  1.3024e-02,  3.3557e-03,  4.3613e-02, -2.6529e-02,
         -8.6567e-03, -3.7464e-02, -9.6066e-03,  4.8632e-02,  4.4511e-02,
          3.9490e-02,  2.0278e-02, -1.5939e-01,  9.1200e-03, -8.8498e-04,
          1.8756e-02,  4.6679e-02, -1.4733e-02,  6.0658e-02,  7.1695e-02,
         -1.8344e-02, -1.4574e-02, -1.5669e-01,  6.0739e-02, -6.0217e-02,
         -1.6847e-02, -3.6494e-02,  2.3458e-03,  1.3161e-02, -7.0856e-02,
          1.8993e-02,  5.8760e-02, -2.3175e-02, -9.0701e-02, -2.7323e-04,
          4.6240e-02,  7.9046e-02,  6.7914e-02,  1.4224e-01,  1.3087e-02,
         -2.5943e-02,  6.3636e-02,  1.0106e-02, -3.5381e-02,  6.5502e-02,
          1.2803e-02,  2.1516e-02, -1.1408e-02,  1.4221e-02,  6.7579e-02,
         -1.4119e-02,  7.7702e-02,  3.6025e-02, -3.9610e-03, -3.4045e-02,
          7.1517e-02,  1.2296e-01,  5.4259e-02,  3.4106e-02, -5.1095e-02,
          1.0632e-01,  3.8873e-02,  1.1361e-02,  1.1266e-02,  1.9753e-02,
          4.5079e-02, -1.3550e-02,  3.0728e-02,  1.5281e-02, -4.8432e-03,
         -2.4520e-02, -3.4193e-02,  4.0509e-02, -2.9816e-03, -7.1306e-03,
          3.1198e-02, -1.9372e-03,  3.6937e-02,  7.4592e-02, -4.6999e-02,
          2.4257e-02,  1.2642e-01, -6.8612e-03, -4.7299e-02,  4.1742e-02,
          5.7234e-02, -3.6236e-04, -1.1971e-02, -2.1702e-01,  2.1948e-02,
         -3.5875e-02, -3.5519e-02, -8.0356e-03,  5.6807e-01,  6.6505e-02,
          1.2842e-02,  4.4534e-02, -1.9353e-02, -6.1304e-02,  1.1232e-02,
         -3.1437e-02, -5.6417e-02,  2.4226e-02, -4.9346e-02,  7.7494e-02,
          4.7817e-02, -1.4792e-02, -4.2484e-02,  1.9504e-02, -2.6067e-02,
          3.6806e-02,  5.7516e-03,  4.9090e-03, -4.9996e-03, -6.5048e-03,
          4.0691e-02, -6.1528e-02,  1.2799e-02, -2.0085e-02, -7.1338e-02,
          4.2119e-02, -1.4691e-02, -4.1999e-02,  7.2534e-02,  5.6401e-02,
         -6.8007e-03,  3.1569e-03, -7.5068e-02, -7.7170e-02, -8.2167e-03,
         -2.5908e-03,  6.6983e-02, -3.9845e-02, -2.2283e-02, -2.5233e-03,
          3.8230e-03,  1.5007e-01,  7.9936e-02, -1.0837e-01, -6.0593e-02,
          2.4090e-02, -1.5158e-02,  2.2759e-02,  4.7896e-02,  1.1998e-02,
          5.6605e-02,  3.1304e-02,  4.2402e-02,  1.2586e-02,  1.1248e-02,
         -6.5173e-02, -1.6171e-02, -1.6669e-02, -8.6137e-02, -1.9877e-01,
         -9.0037e-03, -3.0752e-02, -6.3801e-02, -4.3932e-02,  2.9806e-02,
         -7.6180e-02, -6.0810e-03,  1.0006e-01, -4.8505e-03,  5.1258e-02,
          2.8208e-02,  7.2892e-03,  5.2412e-02, -6.0626e-02,  8.5188e-03,
         -4.9147e-03,  6.2524e-02,  3.5247e-02]])
3: tensor([[ 2.1014e-02,  3.8083e-02, -2.6528e-02,  1.2084e-01, -2.3251e-03,
         -2.0323e-02, -1.6463e-02,  7.0389e-02,  1.2530e-03,  6.6435e-02,
         -4.8619e-02,  5.6701e-02,  5.7114e-02,  7.2478e-02,  3.6929e-02,
          8.6107e-03,  4.1011e-02, -1.2198e-02, -2.0104e-03,  3.6125e-02,
         -1.1208e-02,  1.2423e-02,  7.2321e-02, -6.7314e-02, -5.1195e-02,
         -6.6743e-02,  3.7129e-02, -2.3149e-03,  6.2258e-02,  1.0880e-02,
          7.7921e-02,  3.3068e-02,  2.1605e-02,  1.2069e-02, -4.5401e-02,
          6.0704e-02,  9.1831e-02,  4.1737e-02,  4.9751e-02, -1.2872e-01,
          1.7856e-02,  1.1884e-03, -3.8388e-02,  7.2336e-05, -1.9720e-02,
          3.3340e-02,  9.3207e-03, -3.7460e-02, -3.7259e-02, -3.2595e-02,
         -2.0897e-02,  1.8327e-03, -5.8767e-02, -5.8902e-02, -1.9037e-02,
         -1.1183e-02, -1.4701e-02,  2.2635e-01,  3.3546e-03, -2.3013e-02,
          6.6553e-02, -2.0224e-02,  3.7030e-02, -4.9326e-02,  2.8578e-02,
          1.8015e-02, -5.8279e-02,  2.8677e-02,  6.8656e-02, -8.4596e-02,
         -1.3734e-03,  6.6045e-02,  3.3407e-02,  2.7772e-02, -6.1175e-02,
         -1.6548e-02, -7.4925e-02, -5.2501e-02, -2.7581e-02, -9.9535e-02,
          2.1371e-02,  6.2939e-02,  5.0086e-02,  1.3213e-02,  4.1703e-02,
          5.5129e-02,  5.1813e-02,  9.0750e-02, -2.8964e-03,  7.6440e-03,
          6.3125e-01, -3.7557e-02,  2.0144e-02, -9.5789e-04, -6.7267e-02,
          2.7541e-02, -1.7207e-01,  1.2459e-02,  7.0013e-02,  2.2068e-02,
         -1.5189e-01, -2.3230e-02, -9.1764e-02,  6.8345e-02,  4.0956e-02,
          1.8740e-02,  2.2241e-02,  4.0661e-02, -6.3107e-02, -1.0401e-01,
          3.1570e-02, -4.6829e-02,  3.6289e-02, -2.7702e-03,  6.8480e-02,
          1.0126e-01,  2.1168e-02, -3.8368e-02, -4.8951e-02,  3.2253e-02,
          3.9850e-02, -8.4638e-03, -1.1001e-01,  5.7619e-02,  4.2654e-02,
         -4.2404e-02, -9.0071e-02,  4.4003e-03, -5.8801e-02, -1.1596e-02,
          2.5044e-02, -4.6906e-02,  3.6963e-02,  7.4159e-02, -5.7926e-03,
         -2.7531e-02,  4.8798e-02, -9.4351e-03, -1.3803e-02, -2.1076e-02,
          8.1146e-02,  4.5715e-02,  3.1939e-03,  2.9249e-02,  1.5471e-02,
          5.1552e-02,  4.9664e-02,  1.3123e-02, -6.8133e-03,  7.3661e-02,
         -6.8389e-02,  3.4243e-02,  5.3275e-02, -5.3239e-03, -3.3535e-02,
         -1.1004e-01, -5.1649e-02,  2.7090e-01,  1.5896e-01, -1.2961e-02,
         -3.6413e-02,  2.1262e-01, -3.9949e-02,  1.3886e-01,  1.2217e-03,
         -2.4600e-02, -2.8577e-02,  1.1970e-03, -3.9158e-02, -3.5970e-02,
          9.8879e-03,  2.0675e-02, -6.6481e-02,  1.0103e-03, -5.0145e-02,
          2.2669e-02,  1.9255e-01, -2.8751e-02,  8.3280e-02,  3.5360e-02,
         -1.5544e-02,  4.1930e-02,  4.2557e-02, -2.4516e-02,  1.0073e-02,
          3.7176e-02,  2.9901e-02,  3.5443e-02,  5.0727e-02,  7.7703e-02,
          8.3286e-02,  6.1874e-03, -7.1440e-03,  7.1576e-02,  6.2027e-03,
          1.8006e-02,  8.4878e-03,  2.1576e-02, -5.2812e-02,  1.4904e-02,
         -1.2197e-02,  2.4388e-02,  6.5115e-02, -1.1450e-02, -4.2667e-02,
         -3.9357e-02, -3.5837e-03,  1.1478e-02,  1.0910e-02, -2.1173e-02,
          6.9134e-02, -1.2328e-02,  1.4327e-02, -5.7981e-02, -2.5073e-03,
          1.7898e-03,  8.4762e-03, -2.2171e-02, -2.4162e-02,  5.5581e-02,
         -6.5861e-02, -5.0760e-02, -2.8440e-02,  2.5064e-02, -4.3359e-02,
         -7.1388e-02, -3.4159e-03,  1.7867e-02, -5.9033e-02, -2.4211e-02,
         -5.6156e-03, -8.8530e-03, -1.0968e-02,  5.9741e-03, -1.0340e-01,
          7.6272e-02, -2.1285e-03, -5.0047e-02,  3.8522e-02,  6.3107e-02,
         -2.5874e-02,  8.8255e-02,  8.6488e-02,  4.7534e-02,  4.2708e-03,
          3.4906e-02,  3.3068e-02, -3.3680e-02, -4.9817e-02,  7.3993e-03,
         -1.3846e-02,  1.3371e-02, -1.0862e-03, -2.2891e-02,  4.7340e-03,
          1.8346e-02,  1.5573e-02, -2.6257e-02,  4.9341e-01,  6.0906e-02,
         -2.3320e-02, -4.3532e-02,  5.0414e-02,  1.4109e-02, -1.2120e-02,
          9.1270e-02,  1.8999e-02,  1.4461e-02,  1.0791e-01,  1.7129e-02,
          1.3226e-01,  2.3182e-02,  2.9553e-01,  1.0268e-02,  2.4396e+00,
         -3.6539e-02, -1.9474e-01, -3.5588e-02,  3.4892e-02, -2.1468e-02,
          2.7143e-02,  3.5329e-02, -4.0452e-02,  3.5611e-02,  3.1724e-02,
          1.1974e-01,  1.1209e-01,  6.5348e-02, -1.6268e-02,  1.9510e-02,
         -4.2284e-02,  7.6011e-02, -2.0597e-03, -4.6387e-03,  1.4985e-02,
          6.0054e-02,  2.3343e-02,  4.7026e-02,  5.6852e-02, -8.6893e-02,
          3.9599e-02, -3.0671e-02,  5.3017e-02,  2.9083e-02,  2.5088e-02,
          3.6579e-02, -5.8407e-02, -7.5524e-03,  5.7089e-03,  1.0168e+00,
          1.2342e-02, -3.8501e-02,  2.1864e-02,  8.3158e-03, -1.0216e-02,
          9.6728e-02,  4.3584e-02,  7.9625e-02,  1.5726e-01, -5.0745e-02,
          6.5440e-03,  8.9445e-03,  4.1763e-02,  6.8476e-02,  2.3142e-02,
          4.4705e-02, -3.5382e-02, -7.4851e-02,  1.2925e-02,  3.9072e-03,
          9.0349e-02,  3.2793e-02, -4.1378e-04,  4.0494e-03,  1.1365e-02,
         -2.9105e-02,  9.1603e-02,  1.0481e-02,  3.2688e-02, -4.1628e-02,
          6.4793e-02, -1.1716e-01,  2.8361e-02, -5.7115e-04,  1.0202e-02,
          7.8140e-03,  4.1096e-02,  5.6064e-03,  3.6095e-02, -1.2519e-02,
          1.0798e-02,  4.7984e-02, -3.7748e-02, -6.3220e-02,  1.0981e-03,
          5.8170e-02, -4.8801e-02, -6.7383e-02, -7.1554e-03,  1.9000e-02,
          1.3890e-02,  3.0823e-02, -1.4845e-02, -3.8092e-03, -1.5903e-02,
          8.3630e-03,  9.2172e-03, -1.5625e-02, -4.5229e-02, -3.4201e-03,
         -1.6929e-02, -3.2875e-02,  9.3101e-02,  1.2341e-02,  1.0355e-01,
          3.0399e-02,  4.6310e-02, -1.8980e-02, -1.2842e-01,  3.9458e-02,
         -4.9319e-02,  8.9401e-02,  7.5040e-03, -3.8547e-02,  5.6587e-02,
         -8.5505e-02, -3.7935e-02,  1.1115e-02, -1.2070e-01,  8.6716e-02,
          1.7419e-02,  3.9180e-02,  3.4934e-02,  1.8252e-02,  3.4520e-02,
         -2.0936e-02,  8.8108e-03,  3.9547e-02,  3.7272e-02,  1.8948e-02,
          4.1415e-02,  3.2782e-02,  4.4147e-02,  1.6173e-01, -2.7897e-02,
         -8.4166e-03, -3.9963e-01,  2.1787e-02, -8.7999e-02, -3.7303e-03,
          2.0930e-02,  5.3631e-02,  8.8344e-02,  9.1653e-03, -2.0956e-02,
          3.6920e-02,  2.0058e-02,  2.7542e-02,  8.6576e-02,  1.5365e-02,
         -3.5656e-03, -1.4650e-02, -1.6092e-02,  6.8112e-02,  9.2203e-03,
         -3.4211e-02,  2.0066e-02, -6.5774e-04,  3.2803e-02,  2.8137e-02,
          3.2341e-02,  2.7564e-02, -4.4199e-02,  8.8316e-03,  3.0418e-02,
          1.1620e-01, -5.4491e-03, -6.3756e-02, -1.9554e-04,  6.1748e-02,
          4.4026e-02, -5.6535e-02,  4.0178e-03,  2.4848e-02,  3.1371e-02,
         -9.8856e-03, -7.7616e-02,  1.4418e-02,  1.7266e-02, -5.7667e-03,
          6.9006e-02,  2.8706e-02,  1.9604e-02, -3.1412e-02,  3.5245e-02,
          3.8710e-02,  1.8015e-03, -3.7437e-02, -8.8893e-04, -1.8898e-01,
         -7.3411e-02, -1.1278e-01,  2.9723e-03,  2.3727e-02,  1.4603e-02,
         -2.8223e-01, -3.1988e-02,  2.0773e-03,  1.6730e-03, -1.3896e-02,
         -2.4366e-03, -5.5805e-03,  4.3614e-02,  1.6199e-01,  8.1526e-04,
          1.9395e-02, -9.0816e-02,  7.4604e-02, -6.1953e-03, -6.5807e-02,
         -6.5840e-02, -1.3064e-02,  1.7759e-01, -5.7532e-04,  6.6349e-02,
          5.7567e-02,  6.8427e-03,  5.1737e-02,  4.1793e-02, -5.3834e-02,
         -4.1294e-02, -5.6641e-02,  6.0897e-02, -6.0901e-03, -1.2177e-02,
         -1.7919e-02,  8.6274e-02,  5.0731e-02,  2.8432e-02,  4.5383e-02,
          5.1016e-02,  5.7796e-02,  6.9749e-02,  9.6967e-02, -9.5599e-02,
          1.3541e-02,  2.1904e-02,  1.8643e-03,  1.7914e-02,  5.4644e-02,
         -5.5786e-02,  5.8852e-02, -3.4723e-02,  9.4046e-02,  3.6523e-02,
          9.3032e-02,  5.3795e-02,  7.7749e-03,  3.7978e-02,  7.7974e-02,
         -4.9045e-02, -3.7752e-03,  7.9627e-02,  7.4679e-02,  6.9842e-02,
          7.7280e-02,  4.9546e-02,  7.0835e-02, -7.8577e-02, -1.3271e-02,
          7.4592e-02, -1.8590e-02, -9.5158e-02,  6.6395e-02,  8.9520e-03,
          3.4477e-02, -2.0208e-01,  7.5522e-02,  8.0157e-03, -4.5206e-03,
         -2.8258e-02, -3.7095e-02,  2.9937e-02,  1.3616e-01,  6.4295e-02,
          2.0859e-02, -7.1773e-02, -6.1444e-02, -7.7829e-03,  1.1007e-01,
         -1.0918e-01,  2.3126e-02, -4.0915e-02, -1.3848e-02,  3.3852e-02,
          9.8924e-02,  1.9844e-02,  2.6318e-02,  1.1270e-02,  1.6052e-01,
          7.1854e-03,  5.4332e-02,  3.4320e-02, -4.8078e-02,  9.8886e-03,
          2.3808e-02,  6.5647e-02,  8.2203e-02,  9.5198e-02,  1.8723e-02,
         -4.5758e-02,  3.6361e-02,  1.4020e-02,  5.8435e-04, -1.8830e-02,
         -1.0296e-01, -4.7956e-02,  1.3911e-02, -2.3694e-02, -1.5177e-02,
         -2.0626e-03,  3.3910e-02,  9.7867e-03,  4.5381e-02,  7.2949e-03,
          7.3014e-02,  4.4179e-02,  1.2515e-02,  1.1928e-01, -7.6011e-02,
         -2.1171e-02,  4.1983e-02,  1.3065e-01,  3.8381e-02,  1.7137e-02,
          6.8915e-03,  6.9859e-03, -4.4756e-03,  5.0296e-02,  2.9136e-02,
         -8.4658e-02, -5.2452e-02, -5.8380e-03,  4.7612e-02,  4.5653e-02,
          4.1384e-02,  4.5253e-02, -2.5902e-01,  1.7678e-02,  3.5967e-04,
          3.3860e-02,  7.0026e-02,  5.9553e-03,  4.8342e-02,  1.7239e-02,
         -2.2524e-02, -8.0324e-03, -7.3852e-02,  2.3318e-02, -5.7729e-02,
         -1.7732e-02, -4.1359e-02, -1.2100e-02,  3.3914e-02, -6.0544e-02,
          1.9340e-02,  1.0134e-01, -3.0502e-02, -8.1251e-02, -9.6100e-03,
         -6.6863e-03,  6.1478e-02,  3.2307e-02,  1.0633e-01, -3.4192e-03,
         -2.4958e-02,  5.3371e-02,  1.9662e-02, -2.4328e-02,  2.2420e-02,
         -3.4897e-03,  1.6467e-02, -8.9365e-03,  9.8650e-03,  8.2446e-02,
         -3.4335e-02,  8.8500e-02,  3.9947e-02,  2.2333e-02, -2.7845e-02,
          6.3512e-02,  1.2035e-01,  7.1937e-02,  4.3788e-02, -6.8947e-02,
          9.9208e-02,  5.0170e-02,  2.5977e-02,  1.2630e-02, -2.0609e-03,
          4.2402e-02, -4.5574e-02,  3.6323e-02, -1.3708e-02,  3.2082e-03,
         -3.9968e-02, -2.5874e-02,  3.5670e-02, -3.0298e-02, -1.3876e-02,
          3.3662e-02, -2.3245e-03,  1.5630e-02,  4.7481e-02, -1.4925e-02,
         -7.2810e-03,  7.5584e-02, -1.4756e-02, -5.5018e-02,  5.9117e-02,
          6.8125e-02,  2.2578e-02,  1.0127e-02, -1.4058e-01,  1.8164e-02,
         -1.5914e-02, -4.2942e-02, -1.1777e-02,  4.0384e-01,  3.3462e-02,
          4.7082e-02,  7.7288e-02, -1.9211e-02, -7.0312e-02,  3.3440e-04,
         -2.4864e-02, -5.2048e-02, -4.8026e-03, -6.8134e-02,  6.7425e-02,
          7.7258e-02, -2.9502e-02, -4.1706e-02,  4.3454e-03, -5.9569e-02,
          2.0175e-02, -6.1899e-03,  1.2302e-02, -2.1168e-03, -1.3558e-02,
          4.6591e-02, -1.8819e-02, -7.5668e-03, -5.6858e-02, -8.6451e-02,
          5.9062e-02, -7.6447e-02, -6.2677e-02,  5.1829e-02,  1.0428e-01,
          1.0625e-02,  6.5691e-03, -4.6141e-02, -7.3653e-02, -1.6377e-02,
          1.2742e-02,  4.2692e-02, -5.9533e-02, -1.9061e-02,  8.7611e-03,
          1.6935e-02,  1.8470e-01,  6.3335e-02, -7.2744e-02, -5.7518e-02,
         -1.3997e-03, -4.0151e-02,  2.5738e-02,  3.3901e-02,  1.5819e-02,
          5.8216e-02,  2.9075e-02,  8.2854e-02,  1.3291e-02, -2.1370e-03,
         -1.0164e-01, -1.3127e-02, -2.4313e-02, -7.5208e-02, -2.3934e-01,
          6.0868e-04, -5.0815e-02, -8.0460e-02, -3.7606e-02,  3.7180e-02,
         -5.4357e-02,  8.2082e-03,  4.8607e-02,  3.0927e-03,  1.0822e-01,
          5.5445e-02, -1.0074e-02,  3.8261e-02, -4.3987e-02, -2.3085e-02,
          2.1925e-02,  6.8676e-02,  6.1904e-02]])
4: tensor([[-9.4179e-04, -2.6737e-02, -8.5394e-02,  1.2955e-01, -2.3282e-02,
         -1.1483e-03, -3.3677e-02,  7.8703e-02, -1.3301e-03,  9.6227e-02,
         -7.9734e-02,  2.6114e-02,  2.3617e-02,  6.6958e-02,  4.8633e-02,
         -8.7292e-03,  5.9649e-02,  1.3694e-02,  7.2889e-02,  6.9454e-02,
         -8.0385e-03, -6.3015e-03,  3.5390e-02, -4.2680e-02, -1.3682e-01,
         -6.9350e-02,  6.1294e-03,  3.1819e-02,  5.3877e-02, -7.3591e-02,
          4.4776e-02,  5.6955e-02,  3.7982e-02,  7.8418e-03, -2.5141e-02,
          3.6262e-02,  1.0522e-01,  8.8882e-03,  1.1124e-02, -1.2963e-01,
          3.5938e-02,  1.4191e-02, -4.3406e-02,  2.9857e-02, -8.7121e-02,
          1.3772e-02, -1.0169e-02, -3.1806e-02, -7.4955e-03, -4.4608e-02,
         -4.1650e-02,  1.5663e-03, -7.9771e-02, -4.9221e-02, -3.1434e-02,
         -2.0690e-02, -2.1002e-02,  2.1621e-01,  1.3525e-02, -1.8741e-02,
          3.5585e-02, -5.9936e-02,  4.6920e-02, -3.0984e-02, -2.3823e-02,
          4.1085e-02, -7.6976e-02,  5.8036e-02,  3.0879e-02, -1.0965e-01,
         -3.3587e-02,  8.4025e-02,  2.2016e-02,  1.9229e-02, -5.4586e-02,
          1.9673e-02, -4.6501e-02, -1.8207e-02, -1.3278e-03, -1.2681e-01,
         -4.3128e-02,  4.4734e-02,  9.2596e-02,  2.2156e-03,  2.1285e-02,
          1.0036e-01,  7.0672e-02,  1.0734e-01,  1.4473e-02,  5.9590e-02,
          6.9739e-01, -1.3446e-02,  4.2299e-02,  2.5081e-02, -5.3396e-02,
          5.3527e-02, -1.3335e-01,  4.6236e-02,  7.0340e-02,  6.7296e-02,
         -4.1490e-02, -2.2854e-03, -7.8695e-02,  6.5855e-02,  2.6956e-02,
          4.9739e-02,  3.1525e-03,  3.8184e-02, -6.3725e-02, -9.5915e-02,
         -8.0530e-03,  8.7930e-03,  5.9776e-02,  4.5174e-02,  8.0024e-02,
          9.0290e-02,  3.7709e-02, -3.6526e-02, -5.8777e-03,  7.9353e-04,
          1.2230e-02, -1.1758e-02, -7.8015e-02,  5.1975e-02,  6.3221e-02,
         -3.5843e-02, -7.6695e-02, -1.4308e-03, -8.5188e-02,  5.1851e-02,
          2.5557e-02, -2.9326e-02,  4.2036e-02,  9.0692e-02, -7.0514e-03,
          7.3649e-03,  5.8734e-02, -4.3842e-02,  2.8650e-02, -3.5148e-04,
          6.5565e-02,  6.0951e-02,  7.7609e-03,  5.3513e-02, -7.7467e-03,
          2.7963e-03,  3.8562e-02,  2.6337e-02,  3.3458e-02,  6.8206e-02,
         -7.3836e-02,  3.0926e-02,  2.7359e-02, -1.5428e-02, -2.2039e-02,
         -1.2291e-01, -6.6166e-02,  1.3342e-01,  1.2827e-01, -6.2624e-02,
         -3.2518e-02,  1.4520e-01, -3.7077e-02,  9.2017e-02, -1.7033e-02,
         -9.3476e-03, -1.2948e-02,  3.4139e-02, -3.9982e-02, -1.8816e-02,
         -8.6561e-03,  3.7418e-02, -3.1816e-02,  1.8206e-02, -2.5172e-02,
          1.2652e-02,  1.4845e-01,  9.0148e-03,  6.6910e-02,  2.9361e-02,
          1.2446e-02,  1.4285e-02,  2.4008e-02, -9.7171e-03,  3.8081e-02,
          1.8573e-02,  6.9699e-02,  8.0789e-02,  5.4879e-02,  1.4153e-02,
          5.5693e-02, -4.9451e-02, -1.5729e-02,  4.6645e-02, -1.5499e-02,
          2.2037e-02, -9.5995e-03,  3.3875e-02, -5.3979e-02,  4.5259e-02,
         -9.4722e-03,  5.7649e-02,  6.6192e-02, -2.5480e-02, -7.9106e-02,
         -3.5759e-02, -2.7258e-02,  1.0581e-02,  2.4152e-03,  2.2635e-03,
          7.5092e-02, -2.4617e-02,  6.8153e-02, -7.7582e-02, -3.1931e-02,
         -3.1859e-02,  1.3339e-02, -1.7562e-02,  6.7351e-03,  7.4279e-02,
         -5.6506e-02, -7.7542e-02, -4.4334e-02, -1.9802e-03, -1.1572e-01,
         -7.4549e-02,  4.8759e-02,  2.8199e-02, -4.8230e-02, -4.5713e-02,
          2.1676e-02, -3.0026e-02,  2.6905e-02,  6.1067e-03, -7.5000e-02,
          4.0864e-02,  2.2531e-02, -9.2248e-02,  6.7744e-02,  7.1456e-02,
         -2.7878e-02,  8.0740e-02,  7.6005e-02,  7.5669e-02,  2.1616e-03,
          2.8412e-02,  1.4957e-02, -4.1356e-02, -3.0955e-02,  3.4027e-02,
          2.8274e-02,  3.5075e-02,  5.8861e-02, -7.4405e-02,  1.5997e-02,
         -1.0847e-02,  4.2020e-02, -3.4051e-03,  6.9330e-01,  5.3683e-02,
          3.3196e-03, -2.3786e-02,  3.9704e-02, -2.3552e-02, -2.4955e-02,
          9.5394e-02,  3.9152e-02, -5.9456e-03,  8.1661e-02, -1.3933e-02,
          1.8201e-01,  1.4197e-02,  2.8733e-01,  1.9586e-02,  2.4912e+00,
         -2.3643e-02, -1.6351e-01, -2.7190e-02,  8.6398e-02,  3.2420e-04,
          4.8478e-03,  8.1410e-02, -9.7896e-03,  6.7597e-02, -2.3873e-03,
          1.0412e-01,  2.4076e-02,  3.1838e-02, -1.6955e-02, -1.7572e-02,
         -4.2624e-02,  6.1703e-02, -3.1599e-03, -1.9564e-02, -2.5530e-03,
          1.0255e-01, -3.2333e-02,  3.6244e-02,  4.0079e-02, -7.9726e-02,
          4.2372e-02, -8.2791e-03,  7.2878e-03,  4.9297e-02,  3.5257e-02,
          7.2853e-02, -7.4329e-02, -5.0075e-02,  3.2302e-02,  1.0687e+00,
          2.2942e-02, -4.9318e-02,  1.4675e-02,  5.0385e-02,  5.2254e-02,
          6.6725e-02,  3.5250e-04,  3.2832e-02,  1.4435e-01, -7.6844e-02,
          1.0941e-02,  5.4771e-02,  1.7359e-02,  4.1523e-02,  3.1039e-02,
          3.4630e-02, -4.3529e-02, -4.7240e-02,  1.4076e-02,  2.7371e-02,
          5.9366e-02,  8.4398e-02, -4.9811e-02,  2.5209e-02,  4.8896e-02,
         -5.0274e-04,  1.0322e-01, -1.0651e-02,  1.1361e-01, -1.6237e-02,
          9.6643e-02, -1.1866e-01,  6.4198e-02,  2.6704e-02,  3.2100e-02,
          1.7506e-02,  5.7379e-02, -3.8293e-03, -3.6081e-02, -3.9825e-03,
          3.5929e-02,  4.6048e-02, -1.9775e-02, -7.3581e-02,  2.0239e-02,
         -1.0006e-02, -3.9172e-02, -6.5505e-02, -1.2972e-03,  6.8736e-02,
         -1.6837e-02,  2.3888e-02, -2.1800e-02, -5.2610e-02, -8.4040e-03,
          2.2776e-02, -3.0800e-02, -1.5978e-02, -3.1197e-02, -1.8695e-02,
         -1.9903e-02, -6.0021e-02,  6.4251e-02, -1.9293e-02,  1.0507e-01,
          7.9016e-02,  5.9299e-02, -2.2928e-02, -1.0521e-01,  1.9830e-02,
         -2.2108e-02,  8.1841e-02,  1.2525e-02, -6.5645e-02,  5.7802e-02,
         -8.0604e-02, -4.0531e-02,  6.6609e-02, -1.0422e-01,  4.7374e-02,
         -2.2126e-02,  5.2562e-02,  5.8993e-02,  8.0427e-03,  5.0267e-02,
         -6.6503e-03,  7.4147e-04,  3.2587e-02,  8.0630e-02,  6.1371e-02,
          4.5744e-02,  2.2632e-02,  4.7717e-02,  1.7692e-01,  8.4293e-03,
         -3.6447e-02, -3.4025e-01,  3.4750e-02, -8.9016e-02,  1.4701e-02,
          3.4685e-02,  5.5629e-02,  1.0753e-01, -8.2036e-04, -1.9308e-02,
          4.5117e-02,  3.2371e-02, -8.9521e-03,  5.7303e-02,  1.9361e-02,
         -9.9232e-03, -1.2354e-02, -3.7252e-02,  7.8041e-02,  3.9067e-02,
         -7.5746e-02,  1.2760e-02, -6.3215e-02,  6.6342e-02,  1.1479e-02,
          4.0876e-02,  5.4701e-03, -1.0095e-02, -2.8413e-03,  3.6574e-02,
          1.1399e-01, -7.6041e-02, -7.0499e-03,  1.6515e-02,  1.0874e-01,
          4.3573e-02, -4.6976e-02, -2.5833e-02, -1.4818e-02,  3.5398e-02,
         -5.1048e-03, -5.4517e-02,  4.6182e-02,  5.1467e-02, -1.5159e-02,
          3.8621e-02, -2.5212e-02,  2.7748e-02,  6.6528e-03,  3.6891e-02,
          4.1675e-02,  1.2297e-02,  2.1939e-02,  1.6979e-02, -2.4644e-01,
         -7.3987e-02, -8.3737e-02, -2.9169e-02,  1.8234e-02, -1.1224e-02,
         -3.3859e-01, -2.2690e-02,  2.4468e-02, -1.4402e-02,  1.6609e-02,
         -8.9299e-03, -2.6611e-02,  3.2284e-02,  1.1539e-01, -1.0299e-02,
          7.5237e-02, -1.0204e-01,  5.0542e-02,  1.6958e-02, -5.4975e-02,
         -3.8581e-02, -5.7275e-03,  1.5900e-01,  2.5317e-03,  7.5594e-02,
          3.1753e-02, -5.1071e-02,  4.5548e-02,  7.3525e-02, -8.8261e-02,
         -9.8695e-02, -2.3678e-02,  6.1615e-02,  1.5333e-02, -2.4382e-02,
          2.4206e-02,  4.5242e-02,  6.6712e-02,  3.0963e-02,  1.2648e-02,
          4.1534e-03,  4.4433e-02,  5.5699e-02,  4.0905e-02, -8.0611e-02,
          7.3564e-02,  3.7004e-02,  4.2791e-03, -1.3775e-02,  5.3722e-03,
         -6.1730e-02,  9.0937e-02, -4.5649e-02,  7.1461e-02, -1.6706e-03,
          1.0260e-01,  2.8378e-02, -9.3954e-03,  2.1886e-02,  8.5607e-02,
         -9.7454e-03,  9.8914e-03,  5.4246e-02,  4.9972e-02,  6.0800e-02,
          5.8417e-02,  9.7497e-02,  6.2967e-02,  5.4185e-03, -1.5354e-02,
          5.9142e-02, -1.7346e-02, -2.8233e-02,  2.2764e-02,  8.8541e-03,
          5.4287e-02, -2.6918e-01,  1.1473e-01,  5.1422e-03,  7.8995e-04,
         -3.3029e-02, -5.1129e-02,  1.9037e-02,  5.6286e-02,  4.6462e-02,
          2.2116e-02, -6.5673e-02, -1.0317e-02, -2.6904e-02,  1.4207e-01,
         -1.3486e-01,  5.5977e-02, -6.4003e-02,  1.0694e-02,  4.5712e-02,
          9.6193e-02,  9.9107e-03,  9.5387e-02,  1.8095e-02,  1.5105e-01,
          1.4917e-02,  6.5123e-02,  4.6633e-02, -5.4495e-02, -1.2746e-02,
          4.2149e-02,  4.0091e-02,  7.7113e-02,  7.6290e-02,  2.4504e-02,
         -4.5043e-02,  2.3243e-02, -2.5004e-03,  5.0489e-03,  2.5673e-02,
         -1.4797e-01, -5.3358e-02,  1.0264e-02, -1.0676e-02, -2.3901e-02,
          2.7583e-02,  3.8693e-02, -3.9330e-03,  3.0860e-02,  1.0479e-02,
          4.2716e-02,  1.6190e-03, -4.5305e-03,  1.1208e-01, -6.9797e-02,
         -1.6538e-02,  1.4383e-03,  1.3585e-01,  4.0889e-02,  3.2827e-02,
         -5.6832e-03, -2.6456e-03, -3.3942e-02,  7.0457e-03,  2.2170e-02,
         -4.7433e-02, -6.7748e-02, -2.6024e-02,  4.9488e-02,  4.7623e-02,
          5.4600e-02,  8.2497e-04, -2.3954e-01, -2.2880e-02,  3.0272e-02,
          2.7001e-02,  7.4582e-02,  4.7265e-03,  6.0652e-02,  4.3548e-02,
         -3.2749e-02,  6.8759e-03, -8.5116e-02,  1.3878e-02, -5.9275e-02,
         -6.3902e-03, -3.9758e-02, -8.5971e-03,  6.9615e-02, -7.8182e-02,
          2.7235e-02,  4.8020e-02, -5.6595e-02, -8.9838e-02,  1.0882e-02,
          3.5340e-02,  1.2579e-01,  9.4727e-02,  1.6262e-01, -4.1294e-02,
         -4.6390e-02,  2.5760e-02, -1.2882e-03, -2.5515e-02,  3.5374e-02,
         -2.1917e-03,  6.6974e-02, -5.3444e-03,  7.5877e-02,  8.1622e-02,
          3.0578e-02,  8.2160e-02,  1.7413e-02, -1.4485e-03, -5.5242e-02,
          7.8243e-02,  1.3990e-01,  2.2395e-03,  3.3801e-02, -3.0004e-02,
          2.2384e-02,  2.2475e-02, -3.7997e-03,  2.1882e-02,  1.5373e-02,
          1.9637e-02, -4.0540e-02,  4.9681e-02, -2.6779e-03, -4.7958e-03,
         -4.0494e-02, -1.5403e-02,  4.1779e-03, -5.8006e-02, -1.9172e-02,
          6.6990e-02,  2.2864e-02,  3.4557e-02,  9.9273e-02, -4.1188e-02,
          1.3562e-02,  1.0620e-01,  1.5149e-02, -4.1606e-02,  4.1640e-02,
          7.9243e-02,  3.3292e-03,  3.9092e-02, -1.5155e-01,  7.9687e-03,
          9.3319e-03, -2.9932e-02, -2.4348e-02,  6.4159e-01,  5.5228e-02,
         -1.4444e-02,  2.7470e-02, -2.7497e-02, -1.4336e-01,  9.8606e-03,
         -2.8985e-02, -4.8582e-02,  3.6290e-02, -4.4785e-02,  4.8675e-02,
          5.3153e-02, -3.3133e-02, -8.3321e-02,  7.9863e-04, -5.3843e-02,
          3.4867e-02,  3.6524e-02, -3.7594e-02,  2.8689e-02,  2.1650e-02,
          5.0487e-02, -4.0490e-02,  1.4405e-02, -2.8642e-02, -9.9351e-02,
          5.3847e-02, -4.6470e-02, -3.8916e-02,  4.8584e-02,  9.2924e-02,
         -3.2690e-02, -9.7390e-04, -1.1648e-01, -5.2952e-02, -2.5646e-02,
          8.3738e-03,  3.5843e-02, -6.0929e-02,  1.0752e-03,  1.9854e-02,
          1.3843e-02,  1.5699e-01,  7.0423e-02, -1.0828e-01, -1.5554e-02,
          1.5844e-02, -7.6473e-02,  6.3115e-02,  4.1594e-02, -1.8113e-03,
          3.6980e-02,  4.2540e-02,  3.2196e-02,  3.8840e-02,  5.0885e-02,
         -3.4307e-02, -4.2363e-02, -9.6551e-03, -1.1163e-01, -2.3530e-01,
         -1.3184e-02, -6.0938e-02, -1.0738e-01, -4.5102e-02,  1.3409e-02,
         -9.6526e-02,  5.0273e-03,  3.2396e-02,  3.6548e-02,  8.0238e-02,
          2.3095e-03, -2.7430e-02,  3.9902e-02, -5.2125e-02,  2.1488e-02,
         -1.2077e-02,  5.3944e-02,  9.6272e-02]])
5: tensor([[ 5.3526e-02,  2.0135e-01, -6.6958e-02,  7.8254e-02,  4.8482e-03,
         -9.2241e-03, -4.2262e-02,  1.8890e-02, -5.4772e-02,  5.8808e-02,
         -6.3771e-02,  9.4726e-02,  1.9094e-02,  7.6626e-02,  9.8591e-02,
         -5.3756e-02,  1.0461e-02, -1.0732e-02, -4.6202e-02,  5.6466e-02,
         -3.6734e-03, -3.7355e-02,  2.3968e-02,  8.4781e-03, -6.3387e-02,
         -1.3347e-01,  3.9331e-02, -2.3994e-02,  1.0697e-03,  3.6737e-03,
          1.0225e-01,  5.0515e-02,  5.2205e-02,  1.0018e-02, -8.9685e-03,
          3.8617e-02,  5.3817e-02, -3.7733e-02, -1.4800e-02, -2.7066e-02,
          8.1199e-02,  1.0517e-02,  4.8179e-02,  2.9680e-02, -6.8143e-02,
          5.4871e-02,  7.3035e-02, -1.0470e-01, -1.2896e-02, -4.2859e-02,
         -9.7457e-03, -4.6772e-02,  1.0309e-02, -1.2344e-01, -2.7158e-02,
          1.2576e-02, -1.1142e-02,  2.0783e-01, -2.5523e-02, -5.9725e-02,
          3.3768e-02,  7.3723e-03,  3.1098e-02, -4.7364e-03, -2.2057e-02,
          5.4242e-02,  4.6489e-02,  4.0465e-02,  1.6361e-02,  3.0136e-03,
         -5.6085e-02,  3.6883e-02,  1.7156e-02,  7.9111e-02, -1.1589e-02,
         -4.5001e-02, -2.3888e-02, -3.6777e-02,  2.3385e-02, -9.0653e-02,
         -4.5616e-03, -4.0575e-02,  1.1188e-01,  2.2228e-02,  6.0150e-02,
          4.1348e-02,  3.2173e-03,  1.5109e-01, -6.8375e-03,  1.1608e-01,
          1.7087e-01,  3.3663e-02, -2.4604e-02,  1.3103e-02, -7.6625e-02,
          5.5588e-02, -9.1786e-02,  3.1171e-02,  5.6350e-02,  4.9591e-02,
          1.2051e-01,  2.9401e-02, -1.7090e-01, -1.4615e-02, -3.4784e-02,
          6.3941e-02,  4.9635e-02, -1.0178e-02, -3.7441e-02, -4.1990e-02,
          9.7867e-02, -4.7803e-03,  3.4089e-02, -1.4118e-02, -5.8747e-02,
          4.9126e-02,  7.0063e-02, -1.7817e-02, -1.1358e-01, -1.1218e-03,
          4.9563e-02, -1.6676e-02, -1.5624e-01,  3.0007e-02, -2.5050e-02,
         -5.0680e-02, -1.0938e-01,  9.5792e-02, -7.6906e-02,  1.0221e-01,
          4.1548e-03, -3.5042e-02,  6.3266e-02,  4.0895e-02, -2.4816e-02,
         -2.8981e-02,  3.7470e-02, -8.8260e-03, -4.2019e-02, -1.0297e-02,
          9.7376e-02,  3.3910e-02, -1.9198e-02,  2.7175e-02,  5.2844e-02,
         -7.3575e-03,  4.2232e-02,  9.0102e-02,  2.0074e-02,  7.3351e-02,
         -3.7935e-02,  1.4621e-01,  4.8502e-02, -1.4707e-02,  2.5044e-02,
         -3.7235e-03,  2.3405e-02,  1.6927e-01,  1.3433e-01, -4.4477e-03,
         -2.2097e-02, -6.1302e-02, -1.0153e-01,  1.5088e-01,  1.8760e-02,
          2.3771e-02, -6.7477e-02,  1.3562e-02, -4.5758e-02, -4.0143e-02,
          2.6081e-02,  4.4080e-02, -8.6100e-02, -4.4905e-02, -3.5534e-02,
          4.4606e-03,  1.3486e-01, -3.7296e-03,  8.4251e-02,  1.7928e-02,
          7.5874e-02,  4.9540e-02, -2.6440e-02, -1.3034e-02, -1.4422e-02,
          2.4371e-02,  1.0468e-01,  5.4658e-02,  1.2524e-02,  2.2699e-03,
          1.0155e-01,  2.7569e-03,  1.4285e-02,  8.8569e-02,  3.5581e-02,
          2.5890e-02,  1.3066e-02,  4.2364e-02,  1.4276e-03, -3.1791e-02,
         -3.7721e-02, -5.9436e-03, -5.5595e-03, -3.8494e-02, -1.4831e-02,
         -3.0526e-02,  2.9599e-02,  3.4151e-02,  3.7358e-02,  6.6067e-02,
          7.4631e-02, -7.1314e-02,  5.4613e-02, -5.5425e-02,  7.6180e-04,
         -7.2276e-02, -2.4872e-03, -3.9315e-02, -2.1986e-02,  4.3388e-02,
         -7.0590e-02, -4.4603e-02, -6.7599e-02, -1.8084e-02, -1.7370e-02,
         -1.9904e-02, -2.8316e-02, -4.4679e-03, -5.3468e-02, -6.3503e-02,
          4.0539e-02,  1.8999e-02, -2.1231e-02,  1.7428e-02, -8.9431e-02,
          8.4219e-02,  3.9556e-02, -4.2166e-02,  2.0880e-02,  1.2017e-02,
         -3.3053e-02,  1.7062e-01, -1.9307e-03,  3.4202e-02,  4.4002e-02,
         -5.4731e-03,  2.0899e-03,  1.7891e-03,  7.7771e-02,  5.9223e-02,
         -8.9241e-02, -1.7231e-02,  8.8728e-02,  4.9834e-02,  1.9636e-02,
          1.5876e-02,  3.1554e-02, -2.6124e-02,  4.0718e-01,  5.4184e-02,
          4.0479e-03, -1.0285e-01,  8.3247e-02,  9.5519e-03,  1.6513e-02,
          3.7373e-02,  2.0566e-02,  4.4329e-02,  5.4441e-03,  7.3260e-04,
         -7.6484e-02,  3.4549e-02,  3.0708e-01,  1.1844e-02,  1.5563e+00,
         -6.0777e-03, -3.5242e-01, -4.1662e-02,  1.5286e-01, -9.5730e-03,
         -6.1506e-03,  2.9661e-02,  2.4370e-02,  7.8060e-02, -7.7776e-03,
          5.2701e-02, -1.4141e-01,  1.4174e-01, -4.0883e-02, -3.6605e-02,
          3.8522e-02,  6.7224e-02, -4.6712e-02,  6.1844e-03,  3.1637e-02,
          4.2992e-02,  7.4501e-02, -1.2929e-02,  1.2618e-02, -1.3342e-02,
          2.4140e-02, -2.7172e-02, -9.5370e-02,  7.3411e-02,  3.6744e-02,
          8.5687e-02,  1.9252e-03, -1.3703e-02,  6.2532e-02,  9.0288e-01,
          5.6106e-02, -1.4969e-02,  5.3830e-02,  6.8968e-02,  1.7470e-03,
          6.9000e-02,  1.4138e-02,  3.8308e-02,  1.9352e-01, -3.2755e-02,
          2.4284e-02,  1.1773e-01, -7.3052e-02,  4.7624e-02, -8.4241e-03,
          3.6403e-02,  3.1461e-03, -8.6057e-02,  8.8638e-02,  2.3397e-02,
          6.4237e-02, -4.2762e-02,  2.9624e-02, -1.3093e-02,  4.5436e-02,
         -2.7084e-02,  7.4681e-02,  7.8027e-03, -7.2511e-03,  5.2392e-03,
          7.4748e-02, -9.2199e-02,  4.2900e-02,  6.5636e-02, -6.6084e-02,
         -5.6075e-03,  7.9109e-02,  3.2463e-02, -3.9825e-03, -2.6893e-02,
          6.1645e-02,  7.1302e-02,  9.1000e-03, -5.0478e-03, -1.3481e-03,
          2.9866e-02, -2.9688e-02,  2.0399e-02, -6.5809e-02,  1.3974e-01,
         -4.5493e-02,  5.4296e-03,  7.9620e-03,  2.5181e-02, -4.9425e-03,
          6.5273e-02, -2.1358e-03,  1.9809e-03,  1.8623e-02, -8.4623e-03,
         -2.1614e-02, -7.9887e-02,  7.5925e-02,  4.4946e-03,  9.9877e-02,
         -7.3728e-02,  2.8389e-02,  2.4955e-02, -1.4350e-01,  4.9631e-02,
         -1.4978e-01, -1.6168e-02,  3.8755e-03, -1.5402e-02, -1.9468e-02,
         -8.4495e-02, -4.9524e-03,  3.1766e-02,  9.4779e-03,  6.5222e-02,
          2.7334e-02,  3.4373e-02,  1.5092e-02,  1.8809e-02, -5.8871e-03,
         -1.0232e-01,  7.1357e-03,  4.0445e-02,  3.1018e-02,  8.3618e-03,
          5.2651e-02,  3.4798e-02,  5.5708e-02,  2.4846e-01, -2.8104e-02,
         -3.8891e-03, -3.4832e-01,  8.6169e-02, -8.7537e-02,  7.8799e-02,
          4.6691e-02,  1.1876e-01,  2.1550e-02,  7.4525e-03, -6.2970e-02,
          4.8171e-02, -3.8859e-02,  1.5033e-02,  1.3308e-01,  1.5826e-02,
          7.5807e-03, -1.6670e-02, -7.6375e-03,  4.4530e-02,  5.7916e-03,
          3.9107e-02,  1.5592e-02, -5.6534e-02,  5.9677e-02,  6.2392e-02,
         -3.4387e-02,  3.5283e-02,  1.6717e-02, -4.0592e-03,  5.5895e-02,
          1.3456e-01,  3.3896e-03, -2.6111e-03,  4.6604e-02,  1.1907e-01,
          3.2441e-03,  4.6167e-03,  4.6023e-02,  1.8554e-02,  5.9737e-02,
          1.5098e-02, -8.0511e-02,  3.3256e-02,  1.4986e-02, -2.1492e-02,
          8.6812e-02, -1.8808e-02,  2.0786e-02,  8.9807e-03, -8.3615e-02,
          9.8444e-03,  1.2254e-02, -2.1683e-02, -1.9515e-02, -2.1396e-01,
         -1.5011e-01, -2.8328e-02,  4.1290e-02,  3.6484e-02,  2.1839e-02,
         -1.3042e-01, -2.5887e-02,  6.6515e-03,  1.4589e-02,  3.0789e-02,
         -8.3574e-03, -6.1804e-02,  7.6680e-02,  1.1515e-01, -2.1895e-02,
          2.6416e-02, -5.3539e-02,  3.6546e-02,  3.9238e-02, -4.2055e-02,
         -4.0941e-02, -2.3155e-02,  1.8962e-01,  8.1753e-02,  8.9447e-02,
          5.9900e-03, -7.1457e-02,  7.4135e-02,  5.7901e-02, -1.0709e-01,
         -3.8895e-02, -2.8566e-03,  5.8707e-02,  1.1086e-02, -6.0075e-02,
         -2.0023e-02,  7.5523e-03, -3.9035e-02,  3.8621e-02, -4.0532e-02,
          5.1470e-03,  8.9365e-02, -1.5718e-02, -1.8697e-02, -5.6728e-02,
          2.5020e-02,  5.7887e-02, -4.3264e-02,  2.0099e-02, -2.5089e-02,
         -4.5932e-02, -5.1858e-02, -7.8289e-02,  1.0758e-01,  5.8302e-02,
          6.8665e-02,  3.1579e-02, -2.5033e-02,  1.8986e-02,  2.8387e-02,
         -4.3476e-03,  3.8045e-02, -2.7313e-02,  2.8177e-02,  6.8640e-02,
          3.5018e-02,  3.0338e-02,  8.4176e-02, -2.5368e-02,  3.8431e-02,
          1.8407e-02,  1.2036e-02, -1.4506e-01, -4.9451e-03,  2.4498e-02,
          2.1415e-02, -2.0581e-01,  4.7733e-02, -7.8519e-03,  6.3482e-02,
         -2.6076e-02, -1.7103e-02,  1.6599e-02,  2.0547e-01,  1.0156e-01,
          2.3432e-02, -3.6960e-02, -3.4581e-02,  1.2532e-02,  5.8180e-02,
         -7.4542e-02,  5.2340e-02, -7.9230e-02,  1.2892e-02,  4.6897e-02,
          9.9840e-02,  6.5267e-03,  4.7373e-02,  6.5290e-03,  8.7298e-02,
          1.7576e-02,  6.3624e-02,  1.7325e-02, -8.6893e-02, -6.6195e-03,
         -5.4067e-02,  3.3802e-02,  2.1849e-02,  8.1150e-02, -2.5746e-02,
         -4.1017e-02,  6.1277e-02,  2.8892e-02,  1.5758e-02,  2.6136e-02,
          5.4562e-03,  2.3382e-03,  2.8254e-03, -3.3674e-02, -3.3199e-02,
          3.4371e-02,  5.0390e-02, -1.2022e-02,  3.2321e-02,  1.4644e-02,
          8.2400e-02,  9.4723e-02, -1.2298e-02,  2.3866e-02, -1.7356e-02,
         -1.0082e-01, -4.2687e-02, -2.1981e-02,  5.5895e-02,  8.8414e-03,
         -6.7992e-02, -1.9187e-02, -2.3432e-02,  5.9220e-02, -4.3313e-02,
         -3.1695e-02, -4.4036e-02, -5.4852e-02,  8.5074e-02,  5.5069e-02,
          5.2187e-02,  6.2954e-03, -1.8894e-01,  3.6934e-02, -4.5978e-03,
          2.3333e-02,  1.4111e-02, -2.3073e-02,  1.1430e-02,  2.6038e-02,
         -2.3991e-03, -9.5332e-03, -6.0315e-02,  1.1990e-02,  2.2530e-03,
          1.4308e-02, -1.4554e-02,  1.5367e-02,  1.6984e-02, -5.8947e-02,
          2.3786e-02,  7.6379e-03,  6.5925e-03, -6.3815e-02,  3.2680e-02,
         -2.9978e-02,  3.6072e-02,  1.6371e-01,  1.3474e-01,  1.4927e-02,
         -2.4391e-02,  6.9504e-04, -2.3277e-02, -7.6575e-03, -6.3690e-02,
         -1.2207e-02,  1.5115e-02, -7.2521e-03, -1.4977e-02,  5.8670e-02,
         -4.2511e-02,  6.5514e-02, -6.7988e-02, -5.0128e-02, -5.4571e-02,
          8.4917e-02,  1.3781e-01,  7.0626e-02,  6.2239e-03,  2.8709e-02,
          7.5905e-02,  4.5987e-02,  5.9932e-02,  6.2790e-03,  7.0045e-02,
          3.6105e-03, -1.2357e-02,  5.6456e-03, -1.5372e-02, -6.6242e-02,
         -4.4380e-03, -3.3888e-02,  6.8250e-02,  2.1327e-02, -3.2630e-02,
          4.3014e-02,  1.5588e-03,  4.0996e-02,  3.8030e-02, -2.5754e-02,
          7.0818e-02,  6.2184e-02, -9.4766e-03, -1.3738e-02, -7.4092e-03,
          1.5131e-02,  3.7749e-02,  4.1037e-02, -2.0965e-01,  5.0282e-03,
         -5.2180e-02, -8.8473e-03,  8.9775e-04,  6.6995e-01,  7.9122e-02,
          3.7607e-02, -7.7782e-02,  2.4303e-02, -7.0302e-02,  3.8579e-02,
         -1.2099e-02, -3.6079e-02, -2.8209e-02, -6.6094e-02,  6.0039e-02,
          7.1145e-02, -8.4877e-03, -4.8801e-02,  3.8862e-02, -4.9909e-02,
          6.5622e-02,  2.6099e-02,  1.8546e-02,  1.0117e-02,  3.3568e-02,
          5.4951e-02, -9.2607e-03,  8.4466e-03, -1.6495e-02, -5.1359e-02,
         -2.8608e-02, -3.0380e-02,  2.2504e-02,  1.3175e-01,  4.7798e-02,
         -7.6318e-03,  1.4308e-02,  5.6485e-03, -7.6283e-02,  7.1257e-05,
          1.8617e-02,  2.7978e-02, -5.6541e-02, -7.6945e-02,  5.0564e-03,
         -3.1623e-02,  1.1666e-01,  7.1536e-02, -5.4432e-02, -1.0381e-02,
          1.3378e-02, -1.0054e-01,  5.6306e-02,  8.7404e-02, -1.2049e-02,
         -6.5529e-04,  3.7533e-02,  1.7701e-02, -2.9398e-02, -1.7387e-02,
         -1.1240e-01, -3.4271e-02, -9.9572e-02, -6.5139e-02, -6.7369e-02,
         -1.0177e-02, -3.9452e-02, -2.5887e-02, -8.1490e-02,  9.1721e-02,
         -6.7111e-02,  1.2962e-02,  1.5650e-01,  1.4217e-03,  7.1647e-02,
          7.8900e-02, -3.2459e-02,  4.0507e-02, -2.4001e-02,  2.8534e-02,
         -8.0789e-03,  9.5383e-03,  1.3091e-01]])
6: tensor([[ 3.1573e-02,  1.7731e-01, -5.5916e-02,  1.7131e-02,  2.4549e-02,
          1.8386e-02, -2.4616e-02,  5.3460e-02,  5.5043e-02, -1.9781e-02,
          8.6097e-02,  5.2448e-02,  1.1911e-02,  3.1496e-05,  8.8140e-02,
          5.8749e-02,  8.4174e-02, -3.2585e-02,  3.0600e-02,  1.5758e-01,
         -1.9554e-02, -3.5226e-02,  6.6816e-03,  8.7004e-03,  2.1655e-01,
         -1.1600e-01,  1.2058e-01, -8.8808e-03, -5.0621e-03, -2.6774e-03,
         -4.4127e-02,  1.9978e-02, -4.0516e-02,  4.9378e-02, -2.5322e-02,
         -4.8070e-02, -7.3285e-02,  1.1462e-01, -2.7313e-02, -2.6933e-01,
          6.7230e-02, -7.8389e-02, -5.1406e-02, -2.7397e-02,  4.4819e-02,
         -4.2230e-02, -5.6281e-02, -1.2762e-01, -1.7312e-01,  5.2141e-02,
          3.2550e-03,  5.1806e-02,  1.0553e-03,  4.0487e-02, -3.8415e-02,
          2.1833e-02,  1.1126e-01,  4.2028e-02, -2.8029e-02, -1.2167e-01,
          3.7233e-02, -9.3235e-03,  3.2759e-02, -4.0170e-02, -4.5082e-03,
         -1.6333e-02, -6.5647e-02, -3.8663e-02,  9.1609e-02, -1.0568e-01,
          6.5721e-02,  1.0554e-01,  8.4516e-02,  3.5198e-02, -2.8670e-02,
          4.0285e-02,  3.9981e-02,  7.7825e-02, -1.7420e-03, -6.7526e-02,
          2.6020e-02,  6.0164e-03, -4.4353e-02, -8.8047e-02,  1.4594e-02,
          1.2933e-01,  1.2366e-01,  1.2023e-01,  1.8761e-02,  4.6529e-02,
         -9.3826e-01, -5.5803e-02,  1.9210e-02, -1.5676e-02,  6.1921e-02,
         -4.5273e-02, -1.4486e-01,  2.7498e-03,  7.7377e-02, -2.4772e-02,
         -8.6613e-03, -1.5580e-01, -2.8977e-01,  3.7677e-02,  3.0193e-02,
          4.0041e-03,  7.1725e-03,  7.9934e-02, -6.3183e-02, -4.5962e-02,
          3.4684e-02, -9.9765e-02,  5.5553e-02,  4.0093e-02,  9.8958e-02,
          8.0430e-02, -5.6488e-02, -1.0897e-01, -1.1713e-01,  2.9730e-02,
         -1.1890e-02, -7.6992e-02,  5.3923e-02, -1.8822e-01,  3.3916e-02,
         -9.2108e-03, -9.8196e-02,  8.3428e-02, -2.9295e-04, -9.5434e-03,
          4.3836e-02, -7.3659e-02,  3.5895e-02,  4.0235e-02, -8.8706e-03,
         -3.6844e-02,  2.8547e-02, -5.8773e-02, -1.0851e-01, -1.2026e-03,
         -4.5095e-02,  5.8587e-02,  3.1706e-02, -5.2573e-02, -2.2942e-02,
          1.3896e-01, -7.4483e-02,  2.7452e-03, -5.4435e-02,  1.4705e-01,
          2.5074e-02,  3.8218e-02, -1.7400e-02, -2.9082e-02, -9.3993e-02,
         -2.0274e-02,  6.4133e-02,  1.5310e-02,  5.2089e-01, -1.0222e-01,
         -1.2500e-02,  6.3898e-01,  2.0674e-03,  2.7772e-02,  4.5401e-02,
          3.4072e-02,  3.5868e-02,  2.9736e-02, -8.0556e-02,  8.9504e-02,
         -6.5544e-02, -2.4693e-02, -4.0854e-02,  2.3781e-02, -2.9308e-02,
         -7.2312e-03,  1.5607e-01,  1.0645e-01,  7.6600e-02,  1.3356e-02,
         -6.6214e-02, -3.1287e-04, -2.7368e-02,  7.7703e-02,  4.2260e-02,
         -5.2322e-02, -2.1976e-02,  2.5361e-02,  1.3252e-01,  3.6791e-02,
          8.3718e-02,  6.7292e-02,  4.9518e-03,  1.4882e-01, -4.5431e-02,
         -8.4055e-03, -3.0884e-02,  8.5153e-03, -9.9447e-02,  2.9585e-02,
         -6.9554e-02,  6.6972e-03, -2.5783e-02,  1.1838e-02,  1.8934e-01,
         -8.7554e-03,  5.4339e-02,  7.5999e-03, -4.8515e-02,  3.7170e-02,
          8.5645e-02,  2.8331e-02,  2.8012e-02, -1.2004e-03,  6.1665e-02,
          5.5699e-02,  3.4163e-02,  8.8996e-02, -3.3714e-03,  6.5238e-02,
         -1.1872e-01,  9.8062e-03,  2.1328e-02, -9.2442e-02, -7.1800e-02,
         -5.8544e-02,  2.4309e-02,  1.3718e-02, -5.4498e-02,  7.9415e-03,
          7.3387e-02,  1.4802e-01,  1.3506e-02, -6.2444e-02,  3.8797e-02,
          6.8346e-02,  4.4882e-02, -9.2358e-02,  6.5680e-02,  9.6547e-02,
         -3.2405e-02,  9.5048e-02,  1.5121e-01,  1.6940e-02,  6.7693e-02,
         -1.5086e-02, -2.0133e-03,  8.8618e-03, -3.8209e-02, -3.1603e-02,
         -1.2554e-01, -1.4044e-02, -5.0860e-02,  2.4176e-04,  7.6777e-02,
          8.2372e-03, -1.6627e-02,  2.5940e-02, -3.3257e-03,  3.2955e-02,
         -3.7589e-02, -2.4288e-02,  3.4209e-02,  2.1389e-02,  1.4043e-01,
          1.3250e-01,  5.1445e-02,  1.9342e-02,  9.9390e-02, -1.4664e-03,
         -2.4867e-01,  3.8317e-02, -4.8956e-01, -8.7491e-02,  8.1686e+00,
          2.0019e-02, -3.9677e-01, -7.2171e-02,  1.4266e-01, -1.3302e-03,
          2.4437e-02,  1.9089e-02,  5.1392e-04, -1.2550e-02,  2.6733e-02,
          2.1245e-01,  2.2278e-01,  6.8903e-02,  1.7502e-02,  4.6802e-02,
          2.2867e-03,  4.2820e-02,  9.3425e-02, -3.8208e-02,  1.5773e-02,
         -3.4611e-02, -5.9034e-02,  1.4373e-01,  6.4878e-02,  3.7774e-02,
         -7.3972e-03,  1.0123e-01, -2.7123e-02,  5.7450e-03, -2.8183e-03,
         -8.3412e-02,  7.4425e-03,  1.1522e-01, -4.3894e-02,  1.0018e+00,
         -7.2561e-02,  3.0163e-03,  2.4885e-02,  3.3739e-02,  8.3813e-05,
          5.5029e-03, -9.3879e-02,  6.5845e-02,  2.7405e-01, -5.4065e-02,
          5.0311e-03,  2.3424e-01, -1.2241e-01,  5.2056e-02, -2.1481e-02,
          1.0738e-01,  1.6285e-02,  1.7119e-02, -1.3475e-01, -7.0494e-03,
         -5.7745e-02,  2.2042e-01, -1.3156e-01,  2.0378e-02, -7.4073e-02,
          2.8014e-02,  3.7864e-02, -1.9511e-04, -2.3826e-02, -5.7208e-02,
          2.0946e-01, -1.3716e-02,  1.3573e-01, -1.0419e-01, -3.2445e-02,
         -5.9065e-02,  5.0018e-02, -5.7473e-02,  7.3033e-02, -2.3883e-01,
         -1.3268e-01,  4.7255e-02,  1.3089e-01,  2.7119e-02,  9.6109e-04,
          1.2549e-01, -3.2081e-03,  1.5071e-01,  5.8732e-02,  5.0852e-02,
         -3.9453e-02,  4.0656e-02, -5.0444e-02, -4.0061e-02, -2.3528e-02,
         -9.1600e-03, -6.1444e-03,  7.4300e-02, -2.1969e-02, -2.4154e-02,
         -1.8965e-02, -1.4434e-02,  7.2432e-05,  1.5835e-01,  2.5844e-01,
         -1.0176e-01, -4.4450e-02,  3.0957e-02, -9.7525e-02,  3.0596e-02,
         -9.3119e-02, -5.7342e-02, -2.3105e-02, -1.0078e-01,  1.3770e-01,
         -5.6981e-02, -1.2188e-01, -2.3909e-02, -1.2962e-01,  1.6993e-02,
          8.4229e-02,  3.0324e-02,  2.9420e-02,  5.5889e-03, -5.7561e-02,
          7.1542e-02, -4.2015e-04, -2.1801e-02, -7.2735e-02,  4.3507e-02,
          7.1944e-02, -3.8049e-02,  6.6655e-02,  1.9762e-01, -9.4560e-03,
         -5.1237e-03, -3.2991e-01,  8.1664e-02, -6.7242e-02,  2.7909e-02,
          8.1081e-02, -5.0701e-02,  1.0337e-01,  1.1704e-01,  1.1201e-02,
          8.2150e-02,  9.2350e-02, -3.2014e-02,  3.7400e-02,  5.1042e-02,
          5.3788e-03, -1.2130e-02, -1.6211e-03,  1.3576e-01, -3.6157e-03,
         -1.1516e-01,  1.4721e-01, -1.9175e-02, -2.3662e-02,  3.4809e-02,
          1.2169e-01, -3.8268e-02, -3.3119e-02, -2.7995e-02,  1.3392e-01,
          7.3613e-02, -2.7268e-01,  2.2044e-02,  6.3276e-03,  4.9373e-02,
         -6.8682e-02, -9.6699e-02, -5.9973e-02, -8.2388e-02, -2.2188e-02,
          9.0705e-02, -9.2075e-02, -1.8103e-02, -9.2070e-03, -2.1424e-01,
         -1.2652e-01,  4.9616e-02, -4.3634e-03,  2.9863e-02,  5.7543e-02,
         -2.8435e-02,  1.8390e-02,  1.4758e-01,  5.7014e-03,  2.0487e-01,
          7.9711e-02,  2.4672e-02,  5.2357e-03, -3.6979e-02,  3.5539e-02,
         -1.1012e-01, -5.2482e-02,  3.4541e-02,  8.8099e-03, -3.8751e-02,
          8.6611e-02, -1.4239e-01,  8.2876e-02,  2.1855e-01, -1.4631e-02,
         -3.4719e-02, -3.6664e-02,  4.6386e-02,  6.3733e-02, -8.5727e-02,
          1.3863e-01,  8.7050e-03,  1.1368e-01,  6.8140e-03,  8.0231e-02,
          3.5541e-02, -4.8899e-02,  2.3402e-02, -4.7368e-03,  1.1791e-01,
          1.3288e-01, -1.1584e-01,  1.2368e-01, -1.1791e-01, -4.3654e-02,
          1.4841e-03,  4.2677e-02,  4.7187e-02, -1.9974e-02,  5.7616e-03,
         -1.8157e-01,  1.3450e-02,  4.8307e-02,  6.9924e-02, -7.9289e-02,
          9.8534e-03,  6.6080e-02,  6.8903e-02,  2.3833e-02,  1.4910e-01,
         -8.1651e-03,  1.0892e-01, -9.5394e-02, -2.3089e-02,  1.2098e-01,
         -9.3902e-03, -5.3726e-02,  5.9143e-02,  5.0967e-02,  1.2342e-01,
         -1.3473e-01,  7.5213e-02,  2.1760e-02,  1.7800e-02,  6.8038e-02,
          3.2090e-02, -4.3123e-02, -3.3823e-02, -1.4915e-01, -6.2619e-02,
          1.0360e-01,  7.5134e-02, -2.4949e-01,  1.4143e-01,  5.8871e-02,
         -1.9900e-02,  8.6437e-03,  7.5878e-02,  1.3749e-02, -5.6268e-03,
          2.5922e-03, -3.3570e-02,  1.7472e-02,  4.0634e-01,  1.0764e-01,
          6.5899e-02, -4.4855e-02,  1.7808e-02,  8.9316e-02,  6.2030e-02,
         -5.8210e-03, -1.0705e-01, -2.4912e-02,  2.9751e-03,  9.8354e-02,
          2.9427e-02,  2.8034e-03, -9.4309e-02,  4.4363e-02,  1.4420e-01,
          4.0995e-02, -3.1726e-03,  4.1838e-02,  1.6508e-02,  1.4316e-01,
         -1.7370e-03,  1.5936e-01,  3.4780e-02, -3.6830e-02,  5.9325e-02,
          1.1310e-02, -6.2102e-03,  1.0854e-01, -5.3979e-02, -9.4067e-02,
          1.0752e-01, -3.8778e-02,  2.5943e-02, -5.7832e-02, -1.4198e-02,
          1.1179e-01, -2.7708e-02,  1.8816e-02,  2.1810e-02, -2.3364e-02,
          6.8330e-02,  8.5722e-02, -6.3433e-02,  7.3128e-02, -1.3183e-01,
         -8.0713e-02,  8.7532e-02, -1.0244e-02,  5.4293e-02,  1.3258e-01,
          4.2624e-02, -8.7711e-03,  6.5016e-02,  2.9313e-02,  5.9921e-04,
         -2.2811e-01, -6.1339e-02, -4.1962e-02,  6.9849e-02,  7.2171e-04,
         -3.3290e-02,  2.0308e-02,  2.9591e-01,  3.8527e-02,  1.0549e-02,
         -3.3840e-02,  7.7097e-03,  3.4177e-02,  1.2709e-01,  3.4254e-02,
         -4.5635e-02,  1.1071e-02, -3.4828e-01,  8.6655e-02,  4.0631e-02,
         -7.3979e-02,  1.4946e-02, -1.4263e-02,  1.1204e-01,  1.7141e-02,
         -6.3052e-03,  7.2685e-02, -2.3731e-02, -1.0048e-01,  1.0553e-02,
         -2.0008e-02,  1.2868e-01, -3.8456e-01,  7.0362e-02, -8.7640e-02,
         -1.8916e-02, -1.0336e-01,  3.3215e-02, -5.0225e-02, -2.2374e-01,
          3.5598e-02,  3.3321e-02,  8.3923e-03,  1.6602e-02,  1.1646e-01,
         -4.0378e-02,  2.9100e-02,  9.1248e-02, -1.0901e-01, -1.5080e-02,
          1.8916e-02,  7.4336e-02,  7.7127e-02, -8.1861e-03, -5.4424e-02,
          6.1931e-02, -1.7952e-02,  3.1196e-02,  3.3347e-02,  4.9407e-02,
          1.9765e-02, -4.0644e-03,  8.5245e-02, -4.6311e-02,  5.6830e-02,
          3.4086e-02,  5.0069e-02, -4.3831e-02, -1.6433e-02,  2.2808e-02,
         -4.1468e-02,  1.5957e-02,  3.0925e-02,  1.5261e-01,  6.2631e-02,
          2.0921e-02,  1.9922e-02,  4.1381e-02, -2.9905e-02,  2.1992e-02,
          7.9209e-02,  5.8689e-02,  2.3930e-02, -3.9767e-02,  4.2003e-02,
         -2.7145e-02, -1.5405e-02, -6.4258e-02, -2.8063e+00,  6.8354e-02,
          1.8193e-02,  1.7301e-01, -8.7379e-02,  4.8743e-02,  6.2366e-03,
         -4.2075e-02, -8.2826e-02, -1.2218e-02, -1.2877e-01,  1.1489e-01,
          2.0173e-02, -8.2559e-02, -5.6431e-02, -3.8707e-02, -7.5094e-02,
         -7.5988e-02, -4.5083e-02,  1.1502e-02, -9.1539e-02,  2.9532e-02,
          5.6219e-02, -9.9161e-03,  6.6629e-02, -2.8938e-02, -9.4651e-02,
          4.6005e-02,  1.6226e-03,  3.5652e-02, -1.1542e-02,  2.4575e-02,
          5.3720e-04,  2.0295e-02,  4.1667e-02, -2.8657e-02,  4.9655e-02,
         -5.3557e-02,  8.4555e-02, -6.8670e-03, -5.3689e-02, -8.3461e-02,
          3.2355e-02,  1.3435e-01,  4.0567e-02,  1.0457e-02, -5.6636e-03,
          8.4386e-03, -2.9920e-03,  1.5304e-02, -5.0332e-03,  2.9401e-02,
          4.3900e-02,  3.2285e-02, -2.6321e-02,  5.1847e-02, -7.2065e-03,
          9.7912e-02,  6.9749e-02,  8.7869e-03, -2.4653e-02, -8.7156e-02,
          4.1865e-02,  3.0551e-02, -6.2133e-02, -7.3504e-02, -1.9453e-02,
          8.6047e-02, -6.7827e-02, -1.7921e-01,  1.6069e-02,  1.1448e-01,
          2.6140e-02,  1.7747e-01,  8.6692e-03, -5.6243e-02, -7.5202e-03,
          3.0314e-02,  1.2695e-02, -1.5137e-01]])
7: tensor([[ 3.9812e-02,  1.3857e-01, -5.8855e-02,  1.1088e-01,  1.3660e-02,
          5.2814e-03, -4.6981e-02,  6.5938e-03, -4.8269e-02,  5.8322e-02,
         -5.6073e-02,  8.8673e-02,  3.2437e-02,  6.5806e-02,  8.6806e-02,
         -3.9521e-02,  3.6166e-02, -2.9274e-02, -1.0845e-02,  6.8909e-02,
         -2.3359e-02, -2.9521e-02,  5.0480e-02,  2.9019e-03,  5.2964e-02,
         -1.4891e-01,  1.9577e-03, -4.2342e-02,  7.2222e-03, -2.9635e-02,
          7.9196e-02,  3.5305e-02,  3.8089e-02,  1.8862e-02, -3.7769e-02,
          1.7007e-02,  6.0456e-02, -4.7108e-02, -1.7275e-02, -4.9577e-02,
          6.2606e-02, -1.5619e-02,  4.5404e-03,  1.8543e-02, -6.6661e-02,
          6.3522e-02,  6.3652e-02, -1.1436e-01, -1.5085e-02, -4.7472e-02,
         -2.1633e-02, -4.1221e-02, -5.3225e-04, -1.1372e-01, -3.0686e-02,
         -6.9937e-03, -1.7663e-02,  1.4854e-01, -2.2309e-02, -3.7538e-02,
          4.6194e-02, -5.1470e-03,  1.9157e-02, -1.7037e-02, -2.4069e-02,
          5.0657e-02, -1.1186e-04,  1.2467e-02,  6.4973e-02, -1.8918e-02,
         -3.3839e-02,  3.9403e-02,  3.6358e-02,  8.7877e-02, -4.3800e-02,
         -3.8107e-02, -1.8781e-02, -1.9496e-02,  1.3485e-02, -1.2615e-01,
         -2.7578e-02, -4.1593e-02,  7.5214e-02,  7.1532e-03,  1.5372e-02,
          2.5215e-02,  1.0730e-02,  1.0233e-01,  2.9915e-02,  9.7603e-02,
          2.6470e-01,  1.0264e-03,  1.1443e-02,  8.6327e-03, -8.1459e-02,
          2.7825e-02, -1.2196e-01,  1.3265e-02,  6.4441e-02,  3.1195e-02,
          8.5979e-02,  1.7586e-02, -1.4343e-01,  5.8682e-02, -4.4477e-02,
          4.5245e-02,  3.9005e-02, -1.5534e-02, -3.5664e-02, -5.9905e-02,
          1.2014e-01, -2.0857e-02,  1.1659e-02, -4.8488e-03, -1.3491e-02,
          8.0268e-02,  6.2551e-02, -2.4074e-02, -1.0626e-01,  1.8059e-02,
          7.7601e-02, -2.5053e-02, -1.0811e-01,  7.1984e-02, -2.9957e-03,
         -8.1240e-02, -1.2601e-01,  8.7322e-02, -7.1547e-02,  8.7479e-02,
          1.1222e-02, -5.3710e-02,  4.9545e-02,  4.2973e-02, -1.0091e-02,
         -3.3234e-02,  3.5109e-02, -1.4821e-02, -3.7005e-02, -2.2642e-02,
          9.0823e-02,  5.7221e-02,  6.3464e-03,  2.8263e-02,  4.9448e-02,
         -1.4250e-03,  5.0161e-02,  2.5845e-02,  3.3575e-02,  6.3924e-02,
         -1.3608e-02,  9.5553e-02,  5.8716e-02, -1.5686e-02,  2.7158e-02,
         -3.4843e-02, -1.7440e-03,  1.9175e-01,  1.4536e-01, -2.1196e-02,
         -3.7045e-02,  5.8585e-02, -3.6697e-02,  1.8920e-01,  1.7271e-02,
         -2.6396e-03, -8.1087e-02,  1.2126e-02, -1.2890e-02, -1.6813e-02,
          2.2726e-02,  1.6403e-02, -8.8349e-02, -3.1870e-02, -3.3411e-02,
          1.6990e-02,  1.8018e-01,  2.6679e-02,  9.0774e-02,  9.6653e-03,
          2.3663e-02,  2.3510e-02, -2.2509e-02, -2.5508e-02, -2.2070e-02,
          3.5280e-02,  7.7423e-02,  9.5773e-02,  2.8530e-02,  3.1007e-02,
          9.1601e-02, -3.2312e-02,  1.6360e-02,  1.1199e-01,  4.1051e-02,
          2.9249e-02,  1.5029e-03,  3.9479e-02, -6.1232e-03, -3.4711e-03,
         -1.4452e-02, -6.4596e-03,  3.1661e-02, -3.0328e-02,  3.6319e-03,
         -4.3199e-02,  2.4681e-02,  5.0086e-02,  2.4541e-02,  4.4495e-02,
          9.0701e-02, -5.0675e-02,  4.8961e-02, -7.4950e-02, -2.6344e-02,
         -6.2069e-02, -6.6608e-03, -3.7670e-02, -1.1391e-02,  3.5117e-02,
         -3.8333e-02, -2.9862e-02, -9.0052e-02, -3.3033e-02, -2.5114e-02,
         -1.9070e-02, -1.7594e-02,  5.2753e-03, -3.1793e-02, -2.8605e-02,
          2.6018e-02,  1.6702e-02, -2.4214e-02,  1.6887e-02, -1.2865e-01,
          8.6977e-02,  6.2198e-02, -2.0211e-02,  1.0672e-02,  2.3845e-02,
         -4.0868e-02,  1.3703e-01,  2.9582e-02,  6.2306e-02,  3.7633e-02,
         -7.0594e-04,  2.7657e-02, -1.7746e-02,  4.5909e-02,  1.1405e-01,
         -5.7647e-02, -5.5619e-02,  7.3362e-02,  4.2325e-02,  2.1721e-02,
          2.7600e-02, -5.2834e-03, -4.0673e-02,  4.0888e-01,  5.3749e-02,
         -7.6444e-03, -9.4290e-02,  9.6770e-02,  1.1766e-02, -6.5244e-03,
          7.6579e-03,  5.5212e-02,  5.3131e-02,  4.6068e-02, -1.5871e-02,
         -1.7449e-02, -1.8826e-04,  2.3205e-01, -1.7884e-03,  2.4691e+00,
         -4.4958e-03, -3.5333e-01, -1.9279e-02,  1.3081e-01,  2.4718e-03,
         -1.0516e-02,  1.4975e-02, -8.2399e-03,  6.8166e-02,  1.3012e-02,
          6.7119e-02,  3.6797e-03,  1.0421e-01, -4.0734e-02, -5.3258e-03,
         -9.7813e-03,  1.2447e-02,  7.1157e-03, -5.2037e-03,  7.0261e-03,
          5.1987e-02,  3.8786e-02,  2.4332e-02,  1.3950e-02, -2.8504e-02,
          2.8993e-02, -6.9474e-03, -6.1517e-02,  4.8194e-02,  2.6790e-02,
          5.5958e-02, -2.5666e-02, -9.4485e-03,  4.2149e-02,  1.0778e+00,
          3.1262e-02, -2.3176e-02,  3.1865e-02,  8.5806e-02,  1.5742e-02,
          3.1476e-02, -1.7551e-02,  2.8475e-02,  1.3342e-01, -3.8126e-02,
          2.8017e-02,  8.9131e-02, -3.9718e-02,  7.1180e-02, -3.2108e-03,
          1.3714e-02, -4.3014e-02, -5.2357e-02,  5.1925e-02,  5.3786e-03,
          1.1272e-01, -4.0253e-03, -4.8562e-02, -1.0539e-02,  1.4558e-02,
         -4.3430e-02,  9.2601e-02,  2.0921e-02,  6.1173e-02, -1.0625e-02,
          7.8184e-02, -6.7134e-02,  4.7010e-02,  5.3143e-02, -5.3026e-02,
          1.3996e-02,  8.5219e-02,  1.1207e-02, -1.7832e-02, -5.5090e-02,
          3.7013e-02,  4.7064e-02,  2.2936e-02, -2.5296e-02,  2.9291e-04,
          1.6624e-02, -3.8499e-02, -1.6462e-02, -2.2024e-02,  1.4700e-01,
         -3.2932e-02,  2.4426e-02, -1.7372e-02,  3.3954e-02, -6.1214e-03,
          6.4012e-02, -2.2156e-02,  6.1006e-03,  3.5819e-02, -2.1008e-02,
         -4.1613e-02, -7.9958e-02,  6.2072e-02,  2.4432e-02,  1.0912e-01,
         -8.1219e-02,  1.7948e-02,  1.9809e-02, -1.0728e-01,  4.7134e-02,
         -1.1927e-01,  9.6433e-03,  7.9949e-03, -2.5535e-02, -1.4607e-02,
         -6.3768e-02, -4.6730e-02, -6.7391e-03, -3.1001e-02,  5.1336e-02,
          1.5570e-02,  1.8843e-02,  2.0651e-02,  3.0511e-02, -1.2065e-02,
         -8.4286e-02,  1.6400e-02,  4.3827e-02, -2.7361e-03,  2.0159e-03,
          4.5082e-02,  3.5543e-02,  5.6449e-02,  1.9925e-01, -1.0169e-02,
          2.1722e-02, -4.1953e-01,  4.7808e-02, -7.8221e-02,  5.3285e-02,
          5.3357e-02,  9.7687e-02,  4.2978e-02,  3.4646e-02, -5.1198e-02,
          8.1808e-02, -2.8127e-02, -1.4697e-02,  1.2354e-01,  1.8171e-02,
          2.1182e-02, -1.3729e-02,  1.5901e-03,  5.1984e-02,  3.4224e-02,
          2.5933e-02, -9.4923e-03, -1.3362e-02,  4.4176e-02,  4.7558e-02,
          8.6130e-03,  5.6248e-02,  2.7810e-02, -6.7812e-03,  3.3866e-02,
          1.3624e-01, -1.7782e-02,  1.7954e-02,  4.1923e-02,  1.0025e-01,
          2.1289e-02,  1.6216e-02,  3.5116e-02,  1.8208e-02,  3.9761e-02,
         -6.5732e-03, -8.2254e-02,  2.1766e-02,  3.5551e-03, -2.9260e-02,
          5.7011e-02,  1.2864e-02,  4.5154e-02,  2.0350e-02, -3.3181e-02,
         -6.7776e-03,  3.0710e-02,  3.8834e-02, -4.5327e-03, -1.1849e-01,
         -1.3626e-01, -9.3974e-03, -1.5602e-02,  1.8699e-02,  2.4045e-02,
         -6.4157e-02, -2.0318e-02,  7.6533e-03,  6.7346e-04,  3.4883e-02,
         -7.4378e-03, -5.0442e-02,  8.3870e-02,  1.7644e-01, -2.2948e-02,
          4.7535e-02, -3.4509e-02,  6.9982e-02,  4.1389e-02, -4.7191e-02,
         -1.6909e-02, -3.2001e-02,  1.8879e-01,  9.9618e-02,  6.2088e-02,
          2.0982e-02, -5.9861e-02,  3.7519e-02,  4.5127e-02, -9.2669e-02,
         -2.8766e-02, -9.9231e-03,  3.5000e-02,  3.9975e-02, -4.9072e-02,
          5.2783e-03, -1.5636e-03, -1.1989e-02,  3.9776e-02, -4.5974e-02,
         -3.3191e-02,  5.7946e-02, -5.2158e-03, -5.4367e-03, -5.7341e-02,
          4.3846e-02,  6.8946e-02, -2.4852e-02,  1.3456e-02, -1.6411e-02,
         -5.7989e-02, -8.2964e-03, -9.2176e-02,  7.0016e-02,  3.9712e-02,
          4.5936e-02,  1.7417e-02, -7.4435e-03,  3.1637e-02,  3.4191e-02,
         -2.0325e-03,  4.3382e-02,  1.2598e-02,  8.2727e-03,  5.1889e-02,
          8.0113e-03,  1.7423e-02,  4.7658e-02,  4.7455e-03,  5.5716e-02,
          3.7375e-02,  2.9917e-03, -1.8157e-01, -7.4563e-05,  3.0590e-02,
          2.2360e-02, -1.5992e-01,  7.7575e-02, -1.0559e-02,  3.7014e-02,
         -2.7589e-02, -4.8514e-02, -1.5244e-03,  2.1582e-01,  7.7969e-02,
          4.0626e-02, -3.3258e-02, -3.8718e-02, -2.3121e-02,  7.6461e-02,
         -5.0279e-02,  5.4108e-02, -4.7646e-02,  1.1216e-02,  4.0179e-02,
          7.1969e-02,  7.8556e-03,  3.4411e-02, -9.4866e-03,  1.3407e-01,
         -8.3634e-03,  6.2383e-02,  2.0877e-02, -7.2047e-02,  1.7788e-02,
         -2.1300e-02,  2.3211e-02, -1.1631e-02,  8.7166e-02, -6.4833e-03,
         -3.1955e-02,  7.0021e-02,  8.2697e-02, -1.5919e-02,  2.8731e-03,
         -6.4438e-03, -2.2623e-02, -5.8453e-03, -1.3378e-02, -5.8379e-04,
          2.6692e-02,  4.5886e-02, -2.6402e-02,  3.3041e-02,  1.6631e-02,
          7.5427e-02,  7.2456e-02, -4.1663e-03,  6.5421e-02, -5.4868e-02,
         -7.8458e-02, -2.9720e-02, -6.6726e-02,  6.0491e-02, -3.6501e-02,
         -4.3763e-02, -4.5673e-02,  9.7358e-03,  3.5821e-02, -4.0241e-02,
         -7.3366e-03, -3.9395e-02, -1.6955e-02,  5.4254e-02,  4.7090e-02,
          7.3881e-02,  1.9779e-02, -1.4671e-01,  5.3189e-02,  5.8908e-03,
          1.0019e-02,  5.5058e-02, -2.4514e-02,  1.7863e-02,  4.0737e-02,
          1.2282e-02, -2.0526e-02, -9.4320e-02,  3.5277e-02,  1.6052e-02,
          6.8435e-03, -1.1962e-02,  2.3267e-02,  1.3664e-02, -5.7910e-02,
          1.3871e-02,  3.3296e-02,  2.8903e-02, -4.5554e-02,  1.6673e-02,
          2.8691e-03,  6.0108e-03,  1.2409e-01,  1.9071e-01,  1.3930e-02,
         -2.1520e-02, -7.8652e-03, -1.9446e-02, -2.5913e-03, -2.4329e-02,
          3.2158e-03,  2.7555e-02, -1.5035e-02,  5.7624e-04,  6.2384e-02,
          2.5222e-03,  1.0607e-01, -2.2743e-02, -2.1285e-02, -3.6367e-02,
          8.0421e-02,  1.5393e-01,  7.3356e-02,  1.0905e-02, -1.5782e-02,
          6.8514e-02,  3.2541e-02,  4.8114e-02,  6.9580e-03,  5.4057e-02,
          3.7372e-03, -3.4610e-02,  4.0854e-02,  8.5276e-03, -2.2472e-02,
         -3.9569e-02, -3.3414e-02, -1.8724e-03, -9.9131e-04, -3.6644e-02,
          1.3149e-02,  2.5380e-04,  4.5828e-02,  6.9010e-02, -6.4282e-03,
          4.7060e-02,  5.7019e-02, -3.7666e-03, -3.2077e-02, -4.7700e-04,
          3.4939e-02,  3.9303e-02,  6.0614e-02, -2.1755e-01,  2.6357e-02,
         -1.3128e-02, -7.9036e-03,  1.5217e-02,  6.3337e-01,  7.7395e-02,
          2.4448e-02, -1.8543e-02, -8.2809e-03, -9.2295e-02,  1.2628e-02,
         -2.5482e-02, -5.4064e-02,  2.6608e-03, -3.5049e-02,  3.3922e-02,
          4.9948e-02, -1.6773e-02, -5.8095e-02,  2.5493e-02, -5.2856e-02,
          5.0612e-02,  2.5023e-02,  7.4882e-03,  1.7652e-03,  3.3434e-02,
          3.2366e-02, -5.7947e-02,  3.4644e-03, -4.1827e-02, -5.9400e-02,
         -2.2387e-02, -4.6315e-02,  2.6766e-02,  1.2535e-01,  5.7313e-02,
         -2.0773e-02, -1.0245e-02,  9.9807e-03, -6.8884e-02, -1.6159e-02,
          2.2711e-02,  4.1199e-02, -3.0329e-02, -7.3905e-02,  1.4732e-03,
         -2.9835e-02,  1.1441e-01,  7.3640e-02, -7.9449e-02, -1.0972e-02,
          1.7360e-02, -5.8988e-02,  4.5559e-02,  4.2507e-02,  7.0410e-03,
          4.2415e-03,  2.1997e-02,  5.6560e-02, -1.8268e-02, -8.8645e-03,
         -9.3058e-02, -4.2253e-02, -8.8237e-02, -6.1366e-02, -7.1072e-02,
         -5.7588e-03, -5.5725e-02, -5.7899e-02, -6.9083e-02,  7.3117e-02,
         -3.5651e-02, -8.5853e-04,  1.3645e-01,  1.0260e-02,  6.5946e-02,
          6.3912e-02, -2.3435e-02,  1.2833e-02, -6.0649e-02,  4.8638e-02,
          1.1207e-02,  2.5354e-02,  1.1408e-01]])